, "id", "k", "i", "j", "f"
1, 1, 1, 1, 1, 60.0
2, 2, 1, 1, 2, 57.49975
3, 3, 1, 1, 3, 54.99979
4, 4, 1, 1, 4, 52.49998
5, 5, 1, 1, 5, 50.00008
6, 6, 1, 1, 6, 47.50013
7, 7, 1, 1, 7, 45.00013
8, 8, 1, 1, 8, 42.50008
9, 9, 1, 1, 9, 40.00001
10, 10, 1, 1, 10, 37.49995
11, 11, 1, 1, 11, 34.99994
12, 12, 1, 1, 12, 32.49998
13, 13, 1, 1, 13, 30.00009
14, 14, 1, 1, 14, 27.50023
15, 15, 1, 1, 15, 25.00041
16, 16, 1, 1, 16, 22.50039
17, 17, 1, 1, 17, 21.00112
18, 18, 1, 1, 18, 19.50103
19, 19, 1, 1, 19, 18.00114
20, 20, 1, 1, 20, 16.5011
21, 21, 1, 1, 21, 15.00104
22, 22, 1, 1, 22, 13.50095
23, 23, 1, 1, 23, 12.00081
24, 24, 1, 1, 24, 10.50067
25, 25, 1, 1, 25, 9.000545
26, 26, 1, 1, 26, 7.500456
27, 27, 1, 1, 27, 6.000426
28, 28, 1, 1, 28, 4.500473
29, 29, 1, 1, 29, 3.000535
30, 30, 1, 1, 30, 1.500592
31, 31, 1, 1, 31, 0.0
32, 32, 1, 2, 1, 60.0
33, 33, 1, 2, 2, 57.49977
34, 34, 1, 2, 3, 54.99975
35, 35, 1, 2, 4, 52.49992
36, 36, 1, 2, 5, 50.00006
37, 37, 1, 2, 6, 47.50016
38, 38, 1, 2, 7, 45.00022
39, 39, 1, 2, 8, 42.50021
40, 40, 1, 2, 9, 40.00016
41, 41, 1, 2, 10, 37.5001
42, 42, 1, 2, 11, 35.00005
43, 43, 1, 2, 12, 32.50003
44, 44, 1, 2, 13, 30.00008
45, 45, 1, 2, 14, 27.50013
46, 46, 1, 2, 15, 25.00049
47, 47, 1, 2, 16, 22.50039
48, 48, 1, 2, 17, 21.0011
49, 49, 1, 2, 18, 19.5008
50, 50, 1, 2, 19, 18.00097
51, 51, 1, 2, 20, 16.50102
52, 52, 1, 2, 21, 15.00106
53, 53, 1, 2, 22, 13.50108
54, 54, 1, 2, 23, 12.00101
55, 55, 1, 2, 24, 10.50091
56, 56, 1, 2, 25, 9.000793
57, 57, 1, 2, 26, 7.500673
58, 58, 1, 2, 27, 6.000548
59, 59, 1, 2, 28, 4.500456
60, 60, 1, 2, 29, 3.000203
61, 61, 1, 2, 30, 1.50011
62, 62, 1, 2, 31, 0.0
63, 63, 1, 3, 1, 60.0
64, 64, 1, 3, 2, 57.49979
65, 65, 1, 3, 3, 54.99979
66, 66, 1, 3, 4, 52.49994
67, 67, 1, 3, 5, 50.00009
68, 68, 1, 3, 6, 47.50022
69, 69, 1, 3, 7, 45.00032
70, 70, 1, 3, 8, 42.50036
71, 71, 1, 3, 9, 40.00032
72, 72, 1, 3, 10, 37.50024
73, 73, 1, 3, 11, 35.00012
74, 74, 1, 3, 12, 32.49998
75, 75, 1, 3, 13, 30.0001
76, 76, 1, 3, 14, 27.50036
77, 77, 1, 3, 15, 25.00039
78, 78, 1, 3, 16, 22.50039
79, 79, 1, 3, 17, 21.00124
80, 80, 1, 3, 18, 19.50088
81, 81, 1, 3, 19, 18.00101
82, 82, 1, 3, 20, 16.50111
83, 83, 1, 3, 21, 15.00121
84, 84, 1, 3, 22, 13.5013
85, 85, 1, 3, 23, 12.00129
86, 86, 1, 3, 24, 10.50118
87, 87, 1, 3, 25, 9.000999
88, 88, 1, 3, 26, 7.500732
89, 89, 1, 3, 27, 6.000318
90, 90, 1, 3, 28, 4.500144
91, 91, 1, 3, 29, 2.999988
92, 92, 1, 3, 30, 1.500027
93, 93, 1, 3, 31, 0.0
94, 94, 1, 4, 1, 60.0
95, 95, 1, 4, 2, 57.49976
96, 96, 1, 4, 3, 54.99979
97, 97, 1, 4, 4, 52.49989
98, 98, 1, 4, 5, 50.00002
99, 99, 1, 4, 6, 47.50015
100, 100, 1, 4, 7, 45.00027
101, 101, 1, 4, 8, 42.50032
102, 102, 1, 4, 9, 40.00029
103, 103, 1, 4, 10, 37.50024
104, 104, 1, 4, 11, 35.0003
105, 105, 1, 4, 12, 32.50044
106, 106, 1, 4, 13, 30.00017
107, 107, 1, 4, 14, 27.50046
108, 108, 1, 4, 15, 25.00035
109, 109, 1, 4, 16, 22.50039
110, 110, 1, 4, 17, 21.0013
111, 111, 1, 4, 18, 19.50094
112, 112, 1, 4, 19, 18.00101
113, 113, 1, 4, 20, 16.5011
114, 114, 1, 4, 21, 15.00118
115, 115, 1, 4, 22, 13.50127
116, 116, 1, 4, 23, 12.00123
117, 117, 1, 4, 24, 10.50105
118, 118, 1, 4, 25, 9.000806
119, 119, 1, 4, 26, 7.500704
120, 120, 1, 4, 27, 6.000627
121, 121, 1, 4, 28, 4.499791
122, 122, 1, 4, 29, 3.000131
123, 123, 1, 4, 30, 1.500006
124, 124, 1, 4, 31, 0.0
125, 125, 1, 5, 1, 60.0
126, 126, 1, 5, 2, 57.49971
127, 127, 1, 5, 3, 54.99974
128, 128, 1, 5, 4, 52.4998
129, 129, 1, 5, 5, 49.9999
130, 130, 1, 5, 6, 47.50002
131, 131, 1, 5, 7, 45.00018
132, 132, 1, 5, 8, 42.50034
133, 133, 1, 5, 9, 40.00046
134, 134, 1, 5, 10, 37.50048
135, 135, 1, 5, 11, 35.00042
136, 136, 1, 5, 12, 32.50041
137, 137, 1, 5, 13, 30.00041
138, 138, 1, 5, 14, 27.50049
139, 139, 1, 5, 15, 25.00035
140, 140, 1, 5, 16, 22.50039
141, 141, 1, 5, 17, 21.00126
142, 142, 1, 5, 18, 19.50092
143, 143, 1, 5, 19, 18.00089
144, 144, 1, 5, 20, 16.50093
145, 145, 1, 5, 21, 15.00099
146, 146, 1, 5, 22, 13.5011
147, 147, 1, 5, 23, 12.00117
148, 148, 1, 5, 24, 10.50113
149, 149, 1, 5, 25, 9.000899
150, 150, 1, 5, 26, 7.500486
151, 151, 1, 5, 27, 6.000193
152, 152, 1, 5, 28, 4.499991
153, 153, 1, 5, 29, 3.000224
154, 154, 1, 5, 30, 1.500024
155, 155, 1, 5, 31, 0.0
156, 156, 1, 6, 1, 60.0
157, 157, 1, 6, 2, 57.49969
158, 158, 1, 6, 3, 54.99971
159, 159, 1, 6, 4, 52.49974
160, 160, 1, 6, 5, 49.99982
161, 161, 1, 6, 6, 47.49993
162, 162, 1, 6, 7, 45.00012
163, 163, 1, 6, 8, 42.50034
164, 164, 1, 6, 9, 40.00053
165, 165, 1, 6, 10, 37.50064
166, 166, 1, 6, 11, 35.00059
167, 167, 1, 6, 12, 32.50045
168, 168, 1, 6, 13, 30.00055
169, 169, 1, 6, 14, 27.50049
170, 170, 1, 6, 15, 25.00037
171, 171, 1, 6, 16, 22.50039
172, 172, 1, 6, 17, 21.00118
173, 173, 1, 6, 18, 19.50086
174, 174, 1, 6, 19, 18.00076
175, 175, 1, 6, 20, 16.50074
176, 176, 1, 6, 21, 15.00075
177, 177, 1, 6, 22, 13.50086
178, 178, 1, 6, 23, 12.00097
179, 179, 1, 6, 24, 10.501
180, 180, 1, 6, 25, 9.000865
181, 181, 1, 6, 26, 7.500472
182, 182, 1, 6, 27, 6.000042
183, 183, 1, 6, 28, 4.500197
184, 184, 1, 6, 29, 3.000248
185, 185, 1, 6, 30, 1.50004
186, 186, 1, 6, 31, 0.0
187, 187, 1, 7, 1, 60.0
188, 188, 1, 7, 2, 57.49971
189, 189, 1, 7, 3, 54.99973
190, 190, 1, 7, 4, 52.49974
191, 191, 1, 7, 5, 49.99979
192, 192, 1, 7, 6, 47.49989
193, 193, 1, 7, 7, 45.00007
194, 194, 1, 7, 8, 42.50031
195, 195, 1, 7, 9, 40.00051
196, 196, 1, 7, 10, 37.50064
197, 197, 1, 7, 11, 35.00067
198, 198, 1, 7, 12, 32.50058
199, 199, 1, 7, 13, 30.00064
200, 200, 1, 7, 14, 27.50051
201, 201, 1, 7, 15, 25.00039
202, 202, 1, 7, 16, 22.50039
203, 203, 1, 7, 17, 21.00109
204, 204, 1, 7, 18, 19.5008
205, 205, 1, 7, 19, 18.00065
206, 206, 1, 7, 20, 16.50056
207, 207, 1, 7, 21, 15.0005
208, 208, 1, 7, 22, 13.50056
209, 209, 1, 7, 23, 12.00069
210, 210, 1, 7, 24, 10.50072
211, 211, 1, 7, 25, 9.000648
212, 212, 1, 7, 26, 7.50045
213, 213, 1, 7, 27, 6.000203
214, 214, 1, 7, 28, 4.500376
215, 215, 1, 7, 29, 3.000267
216, 216, 1, 7, 30, 1.500054
217, 217, 1, 7, 31, 0.0
218, 218, 1, 8, 1, 60.0
219, 219, 1, 8, 2, 57.49976
220, 220, 1, 8, 3, 54.99979
221, 221, 1, 8, 4, 52.49981
222, 222, 1, 8, 5, 49.99984
223, 223, 1, 8, 6, 47.49987
224, 224, 1, 8, 7, 45.0
225, 225, 1, 8, 8, 42.50021
226, 226, 1, 8, 9, 40.00043
227, 227, 1, 8, 10, 37.50059
228, 228, 1, 8, 11, 35.00068
229, 229, 1, 8, 12, 32.50069
230, 230, 1, 8, 13, 30.0007
231, 231, 1, 8, 14, 27.50053
232, 232, 1, 8, 15, 25.00041
233, 233, 1, 8, 16, 22.50039
234, 234, 1, 8, 17, 21.00099
235, 235, 1, 8, 18, 19.50075
236, 236, 1, 8, 19, 18.00057
237, 237, 1, 8, 20, 16.50043
238, 238, 1, 8, 21, 15.00026
239, 239, 1, 8, 22, 13.50021
240, 240, 1, 8, 23, 12.0003
241, 241, 1, 8, 24, 10.5004
242, 242, 1, 8, 25, 9.000422
243, 243, 1, 8, 26, 7.500419
244, 244, 1, 8, 27, 6.000417
245, 245, 1, 8, 28, 4.50052
246, 246, 1, 8, 29, 3.0003
247, 247, 1, 8, 30, 1.500073
248, 248, 1, 8, 31, 0.0
249, 249, 1, 9, 1, 60.0
250, 250, 1, 9, 2, 57.49984
251, 251, 1, 9, 3, 54.99987
252, 252, 1, 9, 4, 52.49989
253, 253, 1, 9, 5, 49.99992
254, 254, 1, 9, 6, 47.49992
255, 255, 1, 9, 7, 44.99995
256, 256, 1, 9, 8, 42.50008
257, 257, 1, 9, 9, 40.00029
258, 258, 1, 9, 10, 37.50048
259, 259, 1, 9, 11, 35.00064
260, 260, 1, 9, 12, 32.50074
261, 261, 1, 9, 13, 30.00073
262, 262, 1, 9, 14, 27.50056
263, 263, 1, 9, 15, 25.00043
264, 264, 1, 9, 16, 22.50039
265, 265, 1, 9, 17, 21.00088
266, 266, 1, 9, 18, 19.50068
267, 267, 1, 9, 19, 18.00051
268, 268, 1, 9, 20, 16.50035
269, 269, 1, 9, 21, 15.0001
270, 270, 1, 9, 22, 13.4999
271, 271, 1, 9, 23, 11.99988
272, 272, 1, 9, 24, 10.5
273, 273, 1, 9, 25, 9.000174
274, 274, 1, 9, 26, 7.50037
275, 275, 1, 9, 27, 6.000566
276, 276, 1, 9, 28, 4.500628
277, 277, 1, 9, 29, 3.000354
278, 278, 1, 9, 30, 1.500103
279, 279, 1, 9, 31, 0.0
280, 280, 1, 10, 1, 60.0
281, 281, 1, 10, 2, 57.49991
282, 282, 1, 10, 3, 54.99994
283, 283, 1, 10, 4, 52.49998
284, 284, 1, 10, 5, 50.00003
285, 285, 1, 10, 6, 47.50002
286, 286, 1, 10, 7, 44.99998
287, 287, 1, 10, 8, 42.5
288, 288, 1, 10, 9, 40.00013
289, 289, 1, 10, 10, 37.50032
290, 290, 1, 10, 11, 35.00053
291, 291, 1, 10, 12, 32.50071
292, 292, 1, 10, 13, 30.00072
293, 293, 1, 10, 14, 27.50058
294, 294, 1, 10, 15, 25.00046
295, 295, 1, 10, 16, 22.50039
296, 296, 1, 10, 17, 21.00076
297, 297, 1, 10, 18, 19.50059
298, 298, 1, 10, 19, 18.00043
299, 299, 1, 10, 20, 16.5003
300, 300, 1, 10, 21, 15.00006
301, 301, 1, 10, 22, 13.49977
302, 302, 1, 10, 23, 11.9996
303, 303, 1, 10, 24, 10.49965
304, 304, 1, 10, 25, 8.999885
305, 305, 1, 10, 26, 7.50023
306, 306, 1, 10, 27, 6.000572
307, 307, 1, 10, 28, 4.500661
308, 308, 1, 10, 29, 3.000406
309, 309, 1, 10, 30, 1.500145
310, 310, 1, 10, 31, 0.0
311, 311, 1, 11, 1, 60.0
312, 312, 1, 11, 2, 57.49997
313, 313, 1, 11, 3, 55.0
314, 314, 1, 11, 4, 52.50003
315, 315, 1, 11, 5, 50.0001
316, 316, 1, 11, 6, 47.50011
317, 317, 1, 11, 7, 45.00006
318, 318, 1, 11, 8, 42.50002
319, 319, 1, 11, 9, 40.00005
320, 320, 1, 11, 10, 37.50018
321, 321, 1, 11, 11, 35.00039
322, 322, 1, 11, 12, 32.50059
323, 323, 1, 11, 13, 30.00065
324, 324, 1, 11, 14, 27.50057
325, 325, 1, 11, 15, 25.00047
326, 326, 1, 11, 16, 22.50039
327, 327, 1, 11, 17, 21.00064
328, 328, 1, 11, 18, 19.50047
329, 329, 1, 11, 19, 18.00031
330, 330, 1, 11, 20, 16.50022
331, 331, 1, 11, 21, 15.00004
332, 332, 1, 11, 22, 13.49977
333, 333, 1, 11, 23, 11.99955
334, 334, 1, 11, 24, 10.49949
335, 335, 1, 11, 25, 8.999669
336, 336, 1, 11, 26, 7.500031
337, 337, 1, 11, 27, 6.000425
338, 338, 1, 11, 28, 4.500571
339, 339, 1, 11, 29, 3.000401
340, 340, 1, 11, 30, 1.500175
341, 341, 1, 11, 31, 0.0
342, 342, 1, 12, 1, 60.0
343, 343, 1, 12, 2, 57.50003
344, 344, 1, 12, 3, 55.00004
345, 345, 1, 12, 4, 52.50006
346, 346, 1, 12, 5, 50.00012
347, 347, 1, 12, 6, 47.50016
348, 348, 1, 12, 7, 45.00014
349, 349, 1, 12, 8, 42.5001
350, 350, 1, 12, 9, 40.00008
351, 351, 1, 12, 10, 37.50014
352, 352, 1, 12, 11, 35.00028
353, 353, 1, 12, 12, 32.50045
354, 354, 1, 12, 13, 30.00054
355, 355, 1, 12, 14, 27.50052
356, 356, 1, 12, 15, 25.00046
357, 357, 1, 12, 16, 22.50039
358, 358, 1, 12, 17, 21.00051
359, 359, 1, 12, 18, 19.50035
360, 360, 1, 12, 19, 18.00017
361, 361, 1, 12, 20, 16.5001
362, 362, 1, 12, 21, 14.99999
363, 363, 1, 12, 22, 13.49981
364, 364, 1, 12, 23, 11.99963
365, 365, 1, 12, 24, 10.49955
366, 366, 1, 12, 25, 8.999635
367, 367, 1, 12, 26, 7.499904
368, 368, 1, 12, 27, 6.000232
369, 369, 1, 12, 28, 4.500389
370, 370, 1, 12, 29, 3.000314
371, 371, 1, 12, 30, 1.500166
372, 372, 1, 12, 31, 0.0
373, 373, 1, 13, 1, 60.0
374, 374, 1, 13, 2, 57.50007
375, 375, 1, 13, 3, 55.00008
376, 376, 1, 13, 4, 52.50008
377, 377, 1, 13, 5, 50.00012
378, 378, 1, 13, 6, 47.50016
379, 379, 1, 13, 7, 45.00017
380, 380, 1, 13, 8, 42.50015
381, 381, 1, 13, 9, 40.00014
382, 382, 1, 13, 10, 37.50018
383, 383, 1, 13, 11, 35.00026
384, 384, 1, 13, 12, 32.50037
385, 385, 1, 13, 13, 30.00043
386, 386, 1, 13, 14, 27.50045
387, 387, 1, 13, 15, 25.00043
388, 388, 1, 13, 16, 22.50039
389, 389, 1, 13, 17, 21.00039
390, 390, 1, 13, 18, 19.50024
391, 391, 1, 13, 19, 18.00004
392, 392, 1, 13, 20, 16.49996
393, 393, 1, 13, 21, 14.99988
394, 394, 1, 13, 22, 13.49979
395, 395, 1, 13, 23, 11.99972
396, 396, 1, 13, 24, 10.49969
397, 397, 1, 13, 25, 8.99975
398, 398, 1, 13, 26, 7.499917
399, 399, 1, 13, 27, 6.00012
400, 400, 1, 13, 28, 4.500218
401, 401, 1, 13, 29, 3.000188
402, 402, 1, 13, 30, 1.500116
403, 403, 1, 13, 31, 0.0
404, 404, 1, 14, 1, 60.0
405, 405, 1, 14, 2, 57.50011
406, 406, 1, 14, 3, 55.00012
407, 407, 1, 14, 4, 52.50011
408, 408, 1, 14, 5, 50.00013
409, 409, 1, 14, 6, 47.50015
410, 410, 1, 14, 7, 45.00015
411, 411, 1, 14, 8, 42.50015
412, 412, 1, 14, 9, 40.00017
413, 413, 1, 14, 10, 37.50021
414, 414, 1, 14, 11, 35.00028
415, 415, 1, 14, 12, 32.50035
416, 416, 1, 14, 13, 30.00038
417, 417, 1, 14, 14, 27.5004
418, 418, 1, 14, 15, 25.0004
419, 419, 1, 14, 16, 22.50039
420, 420, 1, 14, 17, 21.00029
421, 421, 1, 14, 18, 19.50016
422, 422, 1, 14, 19, 17.99996
423, 423, 1, 14, 20, 16.49986
424, 424, 1, 14, 21, 14.99979
425, 425, 1, 14, 22, 13.49974
426, 426, 1, 14, 23, 11.99973
427, 427, 1, 14, 24, 10.49978
428, 428, 1, 14, 25, 8.999874
429, 429, 1, 14, 26, 7.500004
430, 430, 1, 14, 27, 6.000113
431, 431, 1, 14, 28, 4.500134
432, 432, 1, 14, 29, 3.000094
433, 433, 1, 14, 30, 1.500058
434, 434, 1, 14, 31, 0.0
435, 435, 1, 15, 1, 60.0
436, 436, 1, 15, 2, 57.50014
437, 437, 1, 15, 3, 55.00015
438, 438, 1, 15, 4, 52.50014
439, 439, 1, 15, 5, 50.00016
440, 440, 1, 15, 6, 47.50017
441, 441, 1, 15, 7, 45.00015
442, 442, 1, 15, 8, 42.50014
443, 443, 1, 15, 9, 40.00015
444, 444, 1, 15, 10, 37.50019
445, 445, 1, 15, 11, 35.00026
446, 446, 1, 15, 12, 32.50033
447, 447, 1, 15, 13, 30.00037
448, 448, 1, 15, 14, 27.50038
449, 449, 1, 15, 15, 25.00039
450, 450, 1, 15, 16, 22.50039
451, 451, 1, 15, 17, 21.00019
452, 452, 1, 15, 18, 19.50009
453, 453, 1, 15, 19, 17.99991
454, 454, 1, 15, 20, 16.49983
455, 455, 1, 15, 21, 14.99976
456, 456, 1, 15, 22, 13.49971
457, 457, 1, 15, 23, 11.99971
458, 458, 1, 15, 24, 10.49978
459, 459, 1, 15, 25, 8.999909
460, 460, 1, 15, 26, 7.500045
461, 461, 1, 15, 27, 6.000128
462, 462, 1, 15, 28, 4.500117
463, 463, 1, 15, 29, 3.00006
464, 464, 1, 15, 30, 1.500025
465, 465, 1, 15, 31, 0.0
466, 466, 1, 16, 1, 60.0
467, 467, 1, 16, 2, 57.50016
468, 468, 1, 16, 3, 55.00018
469, 469, 1, 16, 4, 52.50017
470, 470, 1, 16, 5, 50.0002
471, 471, 1, 16, 6, 47.50022
472, 472, 1, 16, 7, 45.0002
473, 473, 1, 16, 8, 42.50016
474, 474, 1, 16, 9, 40.00013
475, 475, 1, 16, 10, 37.50015
476, 476, 1, 16, 11, 35.0002
477, 477, 1, 16, 12, 32.50027
478, 478, 1, 16, 13, 30.00033
479, 479, 1, 16, 14, 27.50037
480, 480, 1, 16, 15, 25.00039
481, 481, 1, 16, 16, 22.50039
482, 482, 1, 16, 17, 21.00011
483, 483, 1, 16, 18, 19.50004
484, 484, 1, 16, 19, 17.99988
485, 485, 1, 16, 20, 16.49984
486, 486, 1, 16, 21, 14.99981
487, 487, 1, 16, 22, 13.49976
488, 488, 1, 16, 23, 11.99974
489, 489, 1, 16, 24, 10.49978
490, 490, 1, 16, 25, 8.999875
491, 491, 1, 16, 26, 7.499991
492, 492, 1, 16, 27, 6.000074
493, 493, 1, 16, 28, 4.500083
494, 494, 1, 16, 29, 3.000049
495, 495, 1, 16, 30, 1.500018
496, 496, 1, 16, 31, 0.0
497, 497, 1, 17, 1, 60.0
498, 498, 1, 17, 2, 57.50017
499, 499, 1, 17, 3, 55.00018
500, 500, 1, 17, 4, 52.50018
501, 501, 1, 17, 5, 50.00022
502, 502, 1, 17, 6, 47.50026
503, 503, 1, 17, 7, 45.00027
504, 504, 1, 17, 8, 42.50023
505, 505, 1, 17, 9, 40.00018
506, 506, 1, 17, 10, 37.50014
507, 507, 1, 17, 11, 35.00014
508, 508, 1, 17, 12, 32.50018
509, 509, 1, 17, 13, 30.00026
510, 510, 1, 17, 14, 27.50034
511, 511, 1, 17, 15, 25.00039
512, 512, 1, 17, 16, 22.50039
513, 513, 1, 17, 17, 21.00004
514, 514, 1, 17, 18, 19.49998
515, 515, 1, 17, 19, 17.99986
516, 516, 1, 17, 20, 16.49985
517, 517, 1, 17, 21, 14.99988
518, 518, 1, 17, 22, 13.49988
519, 519, 1, 17, 23, 11.99986
520, 520, 1, 17, 24, 10.49985
521, 521, 1, 17, 25, 8.999868
522, 522, 1, 17, 26, 7.499907
523, 523, 1, 17, 27, 5.99995
524, 524, 1, 17, 28, 4.499979
525, 525, 1, 17, 29, 3.000001
526, 526, 1, 17, 30, 1.500009
527, 527, 1, 17, 31, 0.0
528, 528, 1, 18, 1, 60.0
529, 529, 1, 18, 2, 57.50017
530, 530, 1, 18, 3, 55.00018
531, 531, 1, 18, 4, 52.50016
532, 532, 1, 18, 5, 50.00021
533, 533, 1, 18, 6, 47.50028
534, 534, 1, 18, 7, 45.00032
535, 535, 1, 18, 8, 42.50032
536, 536, 1, 18, 9, 40.00028
537, 537, 1, 18, 10, 37.50022
538, 538, 1, 18, 11, 35.00016
539, 539, 1, 18, 12, 32.50013
540, 540, 1, 18, 13, 30.00017
541, 541, 1, 18, 14, 27.50027
542, 542, 1, 18, 15, 25.00036
543, 543, 1, 18, 16, 22.50039
544, 544, 1, 18, 17, 20.99997
545, 545, 1, 18, 18, 19.49993
546, 546, 1, 18, 19, 17.99982
547, 547, 1, 18, 20, 16.49985
548, 548, 1, 18, 21, 14.99994
549, 549, 1, 18, 22, 13.5
550, 550, 1, 18, 23, 12.00002
551, 551, 1, 18, 24, 10.5
552, 552, 1, 18, 25, 8.999955
553, 553, 1, 18, 26, 7.49989
554, 554, 1, 18, 27, 5.999838
555, 555, 1, 18, 28, 4.499835
556, 556, 1, 18, 29, 2.999896
557, 557, 1, 18, 30, 1.499972
558, 558, 1, 18, 31, 0.0
559, 559, 1, 19, 1, 60.0
560, 560, 1, 19, 2, 57.50017
561, 561, 1, 19, 3, 55.00017
562, 562, 1, 19, 4, 52.50014
563, 563, 1, 19, 5, 50.00018
564, 564, 1, 19, 6, 47.50026
565, 565, 1, 19, 7, 45.00033
566, 566, 1, 19, 8, 42.50037
567, 567, 1, 19, 9, 40.00037
568, 568, 1, 19, 10, 37.50033
569, 569, 1, 19, 11, 35.00024
570, 570, 1, 19, 12, 32.50016
571, 571, 1, 19, 13, 30.00013
572, 572, 1, 19, 14, 27.5002
573, 573, 1, 19, 15, 25.00032
574, 574, 1, 19, 16, 22.50039
575, 575, 1, 19, 17, 20.99992
576, 576, 1, 19, 18, 19.49988
577, 577, 1, 19, 19, 17.99978
578, 578, 1, 19, 20, 16.49982
579, 579, 1, 19, 21, 14.99995
580, 580, 1, 19, 22, 13.50007
581, 581, 1, 19, 23, 12.00015
582, 582, 1, 19, 24, 10.50016
583, 583, 1, 19, 25, 9.000106
584, 584, 1, 19, 26, 7.499974
585, 585, 1, 19, 27, 5.999819
586, 586, 1, 19, 28, 4.49973
587, 587, 1, 19, 29, 2.999774
588, 588, 1, 19, 30, 1.499907
589, 589, 1, 19, 31, 0.0
590, 590, 1, 20, 1, 60.0
591, 591, 1, 20, 2, 57.50017
592, 592, 1, 20, 3, 55.00016
593, 593, 1, 20, 4, 52.50013
594, 594, 1, 20, 5, 50.00015
595, 595, 1, 20, 6, 47.50021
596, 596, 1, 20, 7, 45.00029
597, 597, 1, 20, 8, 42.50036
598, 598, 1, 20, 9, 40.00041
599, 599, 1, 20, 10, 37.50042
600, 600, 1, 20, 11, 35.00036
601, 601, 1, 20, 12, 32.50026
602, 602, 1, 20, 13, 30.00017
603, 603, 1, 20, 14, 27.50018
604, 604, 1, 20, 15, 25.00029
605, 605, 1, 20, 16, 22.50039
606, 606, 1, 20, 17, 20.99988
607, 607, 1, 20, 18, 19.49986
608, 608, 1, 20, 19, 17.99975
609, 609, 1, 20, 20, 16.49979
610, 610, 1, 20, 21, 14.99992
611, 611, 1, 20, 22, 13.50008
612, 612, 1, 20, 23, 12.0002
613, 613, 1, 20, 24, 10.50025
614, 614, 1, 20, 25, 9.00023
615, 615, 1, 20, 26, 7.500102
616, 616, 1, 20, 27, 5.999896
617, 617, 1, 20, 28, 4.499718
618, 618, 1, 20, 29, 2.999697
619, 619, 1, 20, 30, 1.499841
620, 620, 1, 20, 31, 0.0
621, 621, 1, 21, 1, 60.0
622, 622, 1, 21, 2, 57.50017
623, 623, 1, 21, 3, 55.00017
624, 624, 1, 21, 4, 52.50012
625, 625, 1, 21, 5, 50.00012
626, 626, 1, 21, 6, 47.50016
627, 627, 1, 21, 7, 45.00024
628, 628, 1, 21, 8, 42.50031
629, 629, 1, 21, 9, 40.00038
630, 630, 1, 21, 10, 37.50043
631, 631, 1, 21, 11, 35.00043
632, 632, 1, 21, 12, 32.50036
633, 633, 1, 21, 13, 30.00026
634, 634, 1, 21, 14, 27.50022
635, 635, 1, 21, 15, 25.00028
636, 636, 1, 21, 16, 22.50039
637, 637, 1, 21, 17, 20.99985
638, 638, 1, 21, 18, 19.49985
639, 639, 1, 21, 19, 17.99974
640, 640, 1, 21, 20, 16.49977
641, 641, 1, 21, 21, 14.99989
642, 642, 1, 21, 22, 13.50004
643, 643, 1, 21, 23, 12.00017
644, 644, 1, 21, 24, 10.50025
645, 645, 1, 21, 25, 9.000262
646, 646, 1, 21, 26, 7.500179
647, 647, 1, 21, 27, 5.999992
648, 648, 1, 21, 28, 4.49978
649, 649, 1, 21, 29, 2.999692
650, 650, 1, 21, 30, 1.499807
651, 651, 1, 21, 31, 0.0
652, 652, 1, 22, 1, 60.0
653, 653, 1, 22, 2, 57.50018
654, 654, 1, 22, 3, 55.00018
655, 655, 1, 22, 4, 52.50013
656, 656, 1, 22, 5, 50.00011
657, 657, 1, 22, 6, 47.50013
658, 658, 1, 22, 7, 45.00018
659, 659, 1, 22, 8, 42.50025
660, 660, 1, 22, 9, 40.00033
661, 661, 1, 22, 10, 37.50039
662, 662, 1, 22, 11, 35.00043
663, 663, 1, 22, 12, 32.50042
664, 664, 1, 22, 13, 30.00034
665, 665, 1, 22, 14, 27.50028
666, 666, 1, 22, 15, 25.0003
667, 667, 1, 22, 16, 22.50039
668, 668, 1, 22, 17, 20.99983
669, 669, 1, 22, 18, 19.49986
670, 670, 1, 22, 19, 17.99976
671, 671, 1, 22, 20, 16.49977
672, 672, 1, 22, 21, 14.99985
673, 673, 1, 22, 22, 13.49998
674, 674, 1, 22, 23, 12.0001
675, 675, 1, 22, 24, 10.50018
676, 676, 1, 22, 25, 9.000205
677, 677, 1, 22, 26, 7.500162
678, 678, 1, 22, 27, 6.000031
679, 679, 1, 22, 28, 4.499846
680, 680, 1, 22, 29, 2.999734
681, 681, 1, 22, 30, 1.499812
682, 682, 1, 22, 31, 0.0
683, 683, 1, 23, 1, 60.0
684, 684, 1, 23, 2, 57.50018
685, 685, 1, 23, 3, 55.00019
686, 686, 1, 23, 4, 52.50015
687, 687, 1, 23, 5, 50.00012
688, 688, 1, 23, 6, 47.50011
689, 689, 1, 23, 7, 45.00013
690, 690, 1, 23, 8, 42.50019
691, 691, 1, 23, 9, 40.00027
692, 692, 1, 23, 10, 37.50034
693, 693, 1, 23, 11, 35.00039
694, 694, 1, 23, 12, 32.5004
695, 695, 1, 23, 13, 30.00037
696, 696, 1, 23, 14, 27.50032
697, 697, 1, 23, 15, 25.00033
698, 698, 1, 23, 16, 22.50039
699, 699, 1, 23, 17, 20.99982
700, 700, 1, 23, 18, 19.49988
701, 701, 1, 23, 19, 17.99981
702, 702, 1, 23, 20, 16.49981
703, 703, 1, 23, 21, 14.99984
704, 704, 1, 23, 22, 13.4999
705, 705, 1, 23, 23, 11.99999
706, 706, 1, 23, 24, 10.50006
707, 707, 1, 23, 25, 9.000094
708, 708, 1, 23, 26, 7.500072
709, 709, 1, 23, 27, 5.999993
710, 710, 1, 23, 28, 4.499866
711, 711, 1, 23, 29, 2.999778
712, 712, 1, 23, 30, 1.499843
713, 713, 1, 23, 31, 0.0
714, 714, 1, 24, 1, 60.0
715, 715, 1, 24, 2, 57.50018
716, 716, 1, 24, 3, 55.00021
717, 717, 1, 24, 4, 52.50018
718, 718, 1, 24, 5, 50.00016
719, 719, 1, 24, 6, 47.50013
720, 720, 1, 24, 7, 45.00011
721, 721, 1, 24, 8, 42.50014
722, 722, 1, 24, 9, 40.00021
723, 723, 1, 24, 10, 37.50029
724, 724, 1, 24, 11, 35.00034
725, 725, 1, 24, 12, 32.50036
726, 726, 1, 24, 13, 30.00035
727, 727, 1, 24, 14, 27.50032
728, 728, 1, 24, 15, 25.00034
729, 729, 1, 24, 16, 22.50039
730, 730, 1, 24, 17, 20.99981
731, 731, 1, 24, 18, 19.49991
732, 732, 1, 24, 19, 17.99989
733, 733, 1, 24, 20, 16.4999
734, 734, 1, 24, 21, 14.99989
735, 735, 1, 24, 22, 13.49986
736, 736, 1, 24, 23, 11.99986
737, 737, 1, 24, 24, 10.49991
738, 738, 1, 24, 25, 8.999949
739, 739, 1, 24, 26, 7.49995
740, 740, 1, 24, 27, 5.99991
741, 741, 1, 24, 28, 4.49984
742, 742, 1, 24, 29, 2.999799
743, 743, 1, 24, 30, 1.499883
744, 744, 1, 24, 31, 0.0
745, 745, 1, 25, 1, 60.0
746, 746, 1, 25, 2, 57.50018
747, 747, 1, 25, 3, 55.00022
748, 748, 1, 25, 4, 52.50021
749, 749, 1, 25, 5, 50.00021
750, 750, 1, 25, 6, 47.5002
751, 751, 1, 25, 7, 45.00016
752, 752, 1, 25, 8, 42.50013
753, 753, 1, 25, 9, 40.00016
754, 754, 1, 25, 10, 37.50023
755, 755, 1, 25, 11, 35.00028
756, 756, 1, 25, 12, 32.5003
757, 757, 1, 25, 13, 30.0003
758, 758, 1, 25, 14, 27.50029
759, 759, 1, 25, 15, 25.00034
760, 760, 1, 25, 16, 22.50039
761, 761, 1, 25, 17, 20.9998
762, 762, 1, 25, 18, 19.49994
763, 763, 1, 25, 19, 17.99995
764, 764, 1, 25, 20, 16.49999
765, 765, 1, 25, 21, 14.99999
766, 766, 1, 25, 22, 13.49988
767, 767, 1, 25, 23, 11.99977
768, 768, 1, 25, 24, 10.49973
769, 769, 1, 25, 25, 8.999767
770, 770, 1, 25, 26, 7.499807
771, 771, 1, 25, 27, 5.999817
772, 772, 1, 25, 28, 4.499801
773, 773, 1, 25, 29, 2.999811
774, 774, 1, 25, 30, 1.499928
775, 775, 1, 25, 31, 0.0
776, 776, 1, 26, 1, 60.0
777, 777, 1, 26, 2, 57.50018
778, 778, 1, 26, 3, 55.00022
779, 779, 1, 26, 4, 52.50023
780, 780, 1, 26, 5, 50.00024
781, 781, 1, 26, 6, 47.50027
782, 782, 1, 26, 7, 45.00027
783, 783, 1, 26, 8, 42.5002
784, 784, 1, 26, 9, 40.00016
785, 785, 1, 26, 10, 37.50016
786, 786, 1, 26, 11, 35.0002
787, 787, 1, 26, 12, 32.50023
788, 788, 1, 26, 13, 30.00023
789, 789, 1, 26, 14, 27.50025
790, 790, 1, 26, 15, 25.00033
791, 791, 1, 26, 16, 22.50039
792, 792, 1, 26, 17, 20.99978
793, 793, 1, 26, 18, 19.49994
794, 794, 1, 26, 19, 17.99999
795, 795, 1, 26, 20, 16.50004
796, 796, 1, 26, 21, 15.00007
797, 797, 1, 26, 22, 13.49998
798, 798, 1, 26, 23, 11.99979
799, 799, 1, 26, 24, 10.49963
800, 800, 1, 26, 25, 8.999606
801, 801, 1, 26, 26, 7.499662
802, 802, 1, 26, 27, 5.999731
803, 803, 1, 26, 28, 4.499776
804, 804, 1, 26, 29, 2.999836
805, 805, 1, 26, 30, 1.49999
806, 806, 1, 26, 31, 0.0
807, 807, 1, 27, 1, 60.0
808, 808, 1, 27, 2, 57.50017
809, 809, 1, 27, 3, 55.00022
810, 810, 1, 27, 4, 52.50024
811, 811, 1, 27, 5, 50.00026
812, 812, 1, 27, 6, 47.50032
813, 813, 1, 27, 7, 45.00037
814, 814, 1, 27, 8, 42.50033
815, 815, 1, 27, 9, 40.00023
816, 816, 1, 27, 10, 37.50015
817, 817, 1, 27, 11, 35.00014
818, 818, 1, 27, 12, 32.50015
819, 819, 1, 27, 13, 30.00016
820, 820, 1, 27, 14, 27.50019
821, 821, 1, 27, 15, 25.00031
822, 822, 1, 27, 16, 22.50039
823, 823, 1, 27, 17, 20.99976
824, 824, 1, 27, 18, 19.49993
825, 825, 1, 27, 19, 18.00001
826, 826, 1, 27, 20, 16.50002
827, 827, 1, 27, 21, 15.00005
828, 828, 1, 27, 22, 13.50005
829, 829, 1, 27, 23, 11.99991
830, 830, 1, 27, 24, 10.4997
831, 831, 1, 27, 25, 8.99959
832, 832, 1, 27, 26, 7.499607
833, 833, 1, 27, 27, 5.9997
834, 834, 1, 27, 28, 4.499795
835, 835, 1, 27, 29, 2.999893
836, 836, 1, 27, 30, 1.500077
837, 837, 1, 27, 31, 0.0
838, 838, 1, 28, 1, 60.0
839, 839, 1, 28, 2, 57.50016
840, 840, 1, 28, 3, 55.00019
841, 841, 1, 28, 4, 52.50024
842, 842, 1, 28, 5, 50.00031
843, 843, 1, 28, 6, 47.50036
844, 844, 1, 28, 7, 45.00041
845, 845, 1, 28, 8, 42.5004
846, 846, 1, 28, 9, 40.00032
847, 847, 1, 28, 10, 37.5002
848, 848, 1, 28, 11, 35.00012
849, 849, 1, 28, 12, 32.50011
850, 850, 1, 28, 13, 30.00012
851, 851, 1, 28, 14, 27.50016
852, 852, 1, 28, 15, 25.00032
853, 853, 1, 28, 16, 22.50039
854, 854, 1, 28, 17, 20.99972
855, 855, 1, 28, 18, 19.49988
856, 856, 1, 28, 19, 17.99998
857, 857, 1, 28, 20, 16.5
858, 858, 1, 28, 21, 14.99996
859, 859, 1, 28, 22, 13.5
860, 860, 1, 28, 23, 12.0
861, 861, 1, 28, 24, 10.4999
862, 862, 1, 28, 25, 8.99979
863, 863, 1, 28, 26, 7.499761
864, 864, 1, 28, 27, 5.999825
865, 865, 1, 28, 28, 4.499916
866, 866, 1, 28, 29, 3.000005
867, 867, 1, 28, 30, 1.500186
868, 868, 1, 28, 31, 0.0
869, 869, 1, 29, 1, 60.0
870, 870, 1, 29, 2, 57.50016
871, 871, 1, 29, 3, 55.00016
872, 872, 1, 29, 4, 52.50015
873, 873, 1, 29, 5, 50.00034
874, 874, 1, 29, 6, 47.50044
875, 875, 1, 29, 7, 45.00045
876, 876, 1, 29, 8, 42.50043
877, 877, 1, 29, 9, 40.00037
878, 878, 1, 29, 10, 37.50027
879, 879, 1, 29, 11, 35.00018
880, 880, 1, 29, 12, 32.50014
881, 881, 1, 29, 13, 30.00014
882, 882, 1, 29, 14, 27.50019
883, 883, 1, 29, 15, 25.00036
884, 884, 1, 29, 16, 22.50039
885, 885, 1, 29, 17, 20.9997
886, 886, 1, 29, 18, 19.4998
887, 887, 1, 29, 19, 17.99977
888, 888, 1, 29, 20, 16.49992
889, 889, 1, 29, 21, 14.99997
890, 890, 1, 29, 22, 13.50003
891, 891, 1, 29, 23, 12.00013
892, 892, 1, 29, 24, 10.50018
893, 893, 1, 29, 25, 9.000165
894, 894, 1, 29, 26, 7.500137
895, 895, 1, 29, 27, 6.000151
896, 896, 1, 29, 28, 4.500175
897, 897, 1, 29, 29, 3.000175
898, 898, 1, 29, 30, 1.500286
899, 899, 1, 29, 31, 0.0
900, 900, 1, 30, 1, 60.0
901, 901, 1, 30, 2, 57.50019
902, 902, 1, 30, 3, 55.00021
903, 903, 1, 30, 4, 52.5001
904, 904, 1, 30, 5, 50.00014
905, 905, 1, 30, 6, 47.50031
906, 906, 1, 30, 7, 45.00045
907, 907, 1, 30, 8, 42.50051
908, 908, 1, 30, 9, 40.0005
909, 909, 1, 30, 10, 37.50043
910, 910, 1, 30, 11, 35.00032
911, 911, 1, 30, 12, 32.50025
912, 912, 1, 30, 13, 30.00023
913, 913, 1, 30, 14, 27.50024
914, 914, 1, 30, 15, 25.00041
915, 915, 1, 30, 16, 22.50039
916, 916, 1, 30, 17, 20.99973
917, 917, 1, 30, 18, 19.49988
918, 918, 1, 30, 19, 17.99935
919, 919, 1, 30, 20, 16.49949
920, 920, 1, 30, 21, 14.99994
921, 921, 1, 30, 22, 13.50033
922, 922, 1, 30, 23, 12.00059
923, 923, 1, 30, 24, 10.50072
924, 924, 1, 30, 25, 9.000715
925, 925, 1, 30, 26, 7.500632
926, 926, 1, 30, 27, 6.000537
927, 927, 1, 30, 28, 4.500433
928, 928, 1, 30, 29, 3.000273
929, 929, 1, 30, 30, 1.500242
930, 930, 1, 30, 31, 0.0
931, 931, 1, 31, 1, 60.0
932, 932, 1, 31, 2, 57.50024
933, 933, 1, 31, 3, 55.00035
934, 934, 1, 31, 4, 52.50029
935, 935, 1, 31, 5, 50.00022
936, 936, 1, 31, 6, 47.50024
937, 937, 1, 31, 7, 45.00032
938, 938, 1, 31, 8, 42.5004
939, 939, 1, 31, 9, 40.00043
940, 940, 1, 31, 10, 37.50041
941, 941, 1, 31, 11, 35.00034
942, 942, 1, 31, 12, 32.50026
943, 943, 1, 31, 13, 30.0002
944, 944, 1, 31, 14, 27.50018
945, 945, 1, 31, 15, 25.00031
946, 946, 1, 31, 16, 22.50039
947, 947, 1, 31, 17, 20.99971
948, 948, 1, 31, 18, 19.50004
949, 949, 1, 31, 19, 18.00001
950, 950, 1, 31, 20, 16.49996
951, 951, 1, 31, 21, 15.00011
952, 952, 1, 31, 22, 13.50037
953, 953, 1, 31, 23, 12.00063
954, 954, 1, 31, 24, 10.50081
955, 955, 1, 31, 25, 9.000851
956, 956, 1, 31, 26, 7.500756
957, 957, 1, 31, 27, 6.000565
958, 958, 1, 31, 28, 4.500293
959, 959, 1, 31, 29, 2.999896
960, 960, 1, 31, 30, 1.499594
961, 961, 1, 31, 31, 0.0
