, "id", "k", "i", "j", "f"
1, 1, 1, 1, 1, 60.0
2, 2, 1, 1, 2, 57.99965
3, 3, 1, 1, 3, 55.99953
4, 4, 1, 1, 4, 53.99976
5, 5, 1, 1, 5, 51.99983
6, 6, 1, 1, 6, 49.99985
7, 7, 1, 1, 7, 47.99987
8, 8, 1, 1, 8, 45.99985
9, 9, 1, 1, 9, 43.99979
10, 10, 1, 1, 10, 41.99972
11, 11, 1, 1, 11, 39.99969
12, 12, 1, 1, 12, 37.99969
13, 13, 1, 1, 13, 35.99972
14, 14, 1, 1, 14, 33.99977
15, 15, 1, 1, 15, 31.99981
16, 16, 1, 1, 16, 29.99981
17, 17, 1, 1, 17, 27.99977
18, 18, 1, 1, 18, 25.99968
19, 19, 1, 1, 19, 23.99955
20, 20, 1, 1, 20, 21.99942
21, 21, 1, 1, 21, 19.99931
22, 22, 1, 1, 22, 17.99925
23, 23, 1, 1, 23, 15.99924
24, 24, 1, 1, 24, 13.99929
25, 25, 1, 1, 25, 11.99937
26, 26, 1, 1, 26, 9.999427
27, 27, 1, 1, 27, 7.999483
28, 28, 1, 1, 28, 5.999515
29, 29, 1, 1, 29, 3.999377
30, 30, 1, 1, 30, 1.998851
31, 31, 1, 1, 31, 0.0
32, 32, 1, 2, 1, 60.0
33, 33, 1, 2, 2, 57.99971
34, 34, 1, 2, 3, 55.99947
35, 35, 1, 2, 4, 53.99968
36, 36, 1, 2, 5, 51.99982
37, 37, 1, 2, 6, 49.99986
38, 38, 1, 2, 7, 47.99992
39, 39, 1, 2, 8, 45.99994
40, 40, 1, 2, 9, 43.99986
41, 41, 1, 2, 10, 41.99976
42, 42, 1, 2, 11, 39.99968
43, 43, 1, 2, 12, 37.99963
44, 44, 1, 2, 13, 35.99962
45, 45, 1, 2, 14, 33.99965
46, 46, 1, 2, 15, 31.99971
47, 47, 1, 2, 16, 29.99977
48, 48, 1, 2, 17, 27.9998
49, 49, 1, 2, 18, 25.99976
50, 50, 1, 2, 19, 23.99967
51, 51, 1, 2, 20, 21.99954
52, 52, 1, 2, 21, 19.99941
53, 53, 1, 2, 22, 17.99931
54, 54, 1, 2, 23, 15.99926
55, 55, 1, 2, 24, 13.99928
56, 56, 1, 2, 25, 11.99935
57, 57, 1, 2, 26, 9.999376
58, 58, 1, 2, 27, 7.99934
59, 59, 1, 2, 28, 5.999281
60, 60, 1, 2, 29, 3.999171
61, 61, 1, 2, 30, 2.000084
62, 62, 1, 2, 31, 0.0
63, 63, 1, 3, 1, 60.0
64, 64, 1, 3, 2, 57.99978
65, 65, 1, 3, 3, 55.99955
66, 66, 1, 3, 4, 53.99969
67, 67, 1, 3, 5, 51.99987
68, 68, 1, 3, 6, 49.99992
69, 69, 1, 3, 7, 48.0
70, 70, 1, 3, 8, 46.00006
71, 71, 1, 3, 9, 44.00002
72, 72, 1, 3, 10, 41.99991
73, 73, 1, 3, 11, 39.99979
74, 74, 1, 3, 12, 37.99969
75, 75, 1, 3, 13, 35.99963
76, 76, 1, 3, 14, 33.99961
77, 77, 1, 3, 15, 31.99965
78, 78, 1, 3, 16, 29.99973
79, 79, 1, 3, 17, 27.9998
80, 80, 1, 3, 18, 25.99983
81, 81, 1, 3, 19, 23.99979
82, 82, 1, 3, 20, 21.99967
83, 83, 1, 3, 21, 19.99952
84, 84, 1, 3, 22, 17.99935
85, 85, 1, 3, 23, 15.99919
86, 86, 1, 3, 24, 13.99907
87, 87, 1, 3, 25, 11.99903
88, 88, 1, 3, 26, 9.998953
89, 89, 1, 3, 27, 7.998919
90, 90, 1, 3, 28, 5.999814
91, 91, 1, 3, 29, 3.99954
92, 92, 1, 3, 30, 2.000192
93, 93, 1, 3, 31, 0.0
94, 94, 1, 4, 1, 60.0
95, 95, 1, 4, 2, 57.99979
96, 96, 1, 4, 3, 55.99963
97, 97, 1, 4, 4, 53.99969
98, 98, 1, 4, 5, 51.99987
99, 99, 1, 4, 6, 49.99994
100, 100, 1, 4, 7, 48.00002
101, 101, 1, 4, 8, 46.00011
102, 102, 1, 4, 9, 44.00014
103, 103, 1, 4, 10, 42.00006
104, 104, 1, 4, 11, 39.99993
105, 105, 1, 4, 12, 37.99979
106, 106, 1, 4, 13, 35.99968
107, 107, 1, 4, 14, 33.9996
108, 108, 1, 4, 15, 31.99958
109, 109, 1, 4, 16, 29.99961
110, 110, 1, 4, 17, 27.99967
111, 111, 1, 4, 18, 25.99973
112, 112, 1, 4, 19, 23.99972
113, 113, 1, 4, 20, 21.99962
114, 114, 1, 4, 21, 19.99944
115, 115, 1, 4, 22, 17.99923
116, 116, 1, 4, 23, 15.999
117, 117, 1, 4, 24, 13.99887
118, 118, 1, 4, 25, 11.99905
119, 119, 1, 4, 26, 9.999667
120, 120, 1, 4, 27, 7.999927
121, 121, 1, 4, 28, 5.999078
122, 122, 1, 4, 29, 4.000019
123, 123, 1, 4, 30, 2.000088
124, 124, 1, 4, 31, 0.0
125, 125, 1, 5, 1, 60.0
126, 126, 1, 5, 2, 57.99976
127, 127, 1, 5, 3, 55.99966
128, 128, 1, 5, 4, 53.99967
129, 129, 1, 5, 5, 51.99982
130, 130, 1, 5, 6, 49.9999
131, 131, 1, 5, 7, 47.99997
132, 132, 1, 5, 8, 46.00008
133, 133, 1, 5, 9, 44.00015
134, 134, 1, 5, 10, 42.00013
135, 135, 1, 5, 11, 40.00002
136, 136, 1, 5, 12, 37.99987
137, 137, 1, 5, 13, 35.99972
138, 138, 1, 5, 14, 33.99959
139, 139, 1, 5, 15, 31.99949
140, 140, 1, 5, 16, 29.99945
141, 141, 1, 5, 17, 27.99946
142, 142, 1, 5, 18, 25.99952
143, 143, 1, 5, 19, 23.99956
144, 144, 1, 5, 20, 21.99955
145, 145, 1, 5, 21, 19.99949
146, 146, 1, 5, 22, 17.99941
147, 147, 1, 5, 23, 15.99937
148, 148, 1, 5, 24, 13.9993
149, 149, 1, 5, 25, 11.99924
150, 150, 1, 5, 26, 9.999418
151, 151, 1, 5, 27, 7.999757
152, 152, 1, 5, 28, 5.999453
153, 153, 1, 5, 29, 4.000275
154, 154, 1, 5, 30, 2.000047
155, 155, 1, 5, 31, 0.0
156, 156, 1, 6, 1, 60.0
157, 157, 1, 6, 2, 57.99971
158, 158, 1, 6, 3, 55.99967
159, 159, 1, 6, 4, 53.99963
160, 160, 1, 6, 5, 51.99975
161, 161, 1, 6, 6, 49.99982
162, 162, 1, 6, 7, 47.99986
163, 163, 1, 6, 8, 45.99996
164, 164, 1, 6, 9, 44.00007
165, 165, 1, 6, 10, 42.0001
166, 166, 1, 6, 11, 40.00004
167, 167, 1, 6, 12, 37.9999
168, 168, 1, 6, 13, 35.99974
169, 169, 1, 6, 14, 33.99959
170, 170, 1, 6, 15, 31.99946
171, 171, 1, 6, 16, 29.99937
172, 172, 1, 6, 17, 27.99934
173, 173, 1, 6, 18, 25.99937
174, 174, 1, 6, 19, 23.99946
175, 175, 1, 6, 20, 21.99956
176, 176, 1, 6, 21, 19.99961
177, 177, 1, 6, 22, 17.99965
178, 178, 1, 6, 23, 15.99971
179, 179, 1, 6, 24, 13.99976
180, 180, 1, 6, 25, 11.99962
181, 181, 1, 6, 26, 9.99933
182, 182, 1, 6, 27, 7.999319
183, 183, 1, 6, 28, 5.999742
184, 184, 1, 6, 29, 4.00032
185, 185, 1, 6, 30, 2.000032
186, 186, 1, 6, 31, 0.0
187, 187, 1, 7, 1, 60.0
188, 188, 1, 7, 2, 57.99965
189, 189, 1, 7, 3, 55.99966
190, 190, 1, 7, 4, 53.99958
191, 191, 1, 7, 5, 51.99966
192, 192, 1, 7, 6, 49.99971
193, 193, 1, 7, 7, 47.99973
194, 194, 1, 7, 8, 45.99979
195, 195, 1, 7, 9, 43.99991
196, 196, 1, 7, 10, 42.0
197, 197, 1, 7, 11, 40.0
198, 198, 1, 7, 12, 37.99991
199, 199, 1, 7, 13, 35.99977
200, 200, 1, 7, 14, 33.99962
201, 201, 1, 7, 15, 31.99949
202, 202, 1, 7, 16, 29.9994
203, 203, 1, 7, 17, 27.99935
204, 204, 1, 7, 18, 25.99937
205, 205, 1, 7, 19, 23.99947
206, 206, 1, 7, 20, 21.99962
207, 207, 1, 7, 21, 19.99977
208, 208, 1, 7, 22, 17.99985
209, 209, 1, 7, 23, 15.99988
210, 210, 1, 7, 24, 13.99989
211, 211, 1, 7, 25, 11.9998
212, 212, 1, 7, 26, 9.999501
213, 213, 1, 7, 27, 7.999337
214, 214, 1, 7, 28, 5.999886
215, 215, 1, 7, 29, 4.000246
216, 216, 1, 7, 30, 1.999995
217, 217, 1, 7, 31, 0.0
218, 218, 1, 8, 1, 60.0
219, 219, 1, 8, 2, 57.9996
220, 220, 1, 8, 3, 55.99963
221, 221, 1, 8, 4, 53.99953
222, 222, 1, 8, 5, 51.99958
223, 223, 1, 8, 6, 49.99961
224, 224, 1, 8, 7, 47.9996
225, 225, 1, 8, 8, 45.99962
226, 226, 1, 8, 9, 43.99973
227, 227, 1, 8, 10, 41.99984
228, 228, 1, 8, 11, 39.99991
229, 229, 1, 8, 12, 37.99989
230, 230, 1, 8, 13, 35.9998
231, 231, 1, 8, 14, 33.99968
232, 232, 1, 8, 15, 31.99957
233, 233, 1, 8, 16, 29.9995
234, 234, 1, 8, 17, 27.99947
235, 235, 1, 8, 18, 25.99949
236, 236, 1, 8, 19, 23.99956
237, 237, 1, 8, 20, 21.99971
238, 238, 1, 8, 21, 19.99988
239, 239, 1, 8, 22, 17.99999
240, 240, 1, 8, 23, 15.99998
241, 241, 1, 8, 24, 13.99989
242, 242, 1, 8, 25, 11.99977
243, 243, 1, 8, 26, 9.999636
244, 244, 1, 8, 27, 7.999596
245, 245, 1, 8, 28, 6.000028
246, 246, 1, 8, 29, 4.000189
247, 247, 1, 8, 30, 1.999961
248, 248, 1, 8, 31, 0.0
249, 249, 1, 9, 1, 60.0
250, 250, 1, 9, 2, 57.99957
251, 251, 1, 9, 3, 55.99961
252, 252, 1, 9, 4, 53.9995
253, 253, 1, 9, 5, 51.99952
254, 254, 1, 9, 6, 49.99954
255, 255, 1, 9, 7, 47.9995
256, 256, 1, 9, 8, 45.99947
257, 257, 1, 9, 9, 43.99954
258, 258, 1, 9, 10, 41.99967
259, 259, 1, 9, 11, 39.99979
260, 260, 1, 9, 12, 37.99985
261, 261, 1, 9, 13, 35.99983
262, 262, 1, 9, 14, 33.99977
263, 263, 1, 9, 15, 31.99969
264, 264, 1, 9, 16, 29.99964
265, 265, 1, 9, 17, 27.99963
266, 266, 1, 9, 18, 25.99966
267, 267, 1, 9, 19, 23.99972
268, 268, 1, 9, 20, 21.99981
269, 269, 1, 9, 21, 19.99993
270, 270, 1, 9, 22, 18.00003
271, 271, 1, 9, 23, 16.00002
272, 272, 1, 9, 24, 13.99989
273, 273, 1, 9, 25, 11.99975
274, 274, 1, 9, 26, 9.999708
275, 275, 1, 9, 27, 7.99982
276, 276, 1, 9, 28, 6.000137
277, 277, 1, 9, 29, 4.000168
278, 278, 1, 9, 30, 1.999946
279, 279, 1, 9, 31, 0.0
280, 280, 1, 10, 1, 60.0
281, 281, 1, 10, 2, 57.99955
282, 282, 1, 10, 3, 55.9996
283, 283, 1, 10, 4, 53.99949
284, 284, 1, 10, 5, 51.9995
285, 285, 1, 10, 6, 49.99951
286, 286, 1, 10, 7, 47.99945
287, 287, 1, 10, 8, 45.99939
288, 288, 1, 10, 9, 43.9994
289, 289, 1, 10, 10, 41.9995
290, 290, 1, 10, 11, 39.99965
291, 291, 1, 10, 12, 37.99978
292, 292, 1, 10, 13, 35.99985
293, 293, 1, 10, 14, 33.99985
294, 294, 1, 10, 15, 31.99981
295, 295, 1, 10, 16, 29.99977
296, 296, 1, 10, 17, 27.99977
297, 297, 1, 10, 18, 25.99982
298, 298, 1, 10, 19, 23.99988
299, 299, 1, 10, 20, 21.99994
300, 300, 1, 10, 21, 19.99998
301, 301, 1, 10, 22, 18.00002
302, 302, 1, 10, 23, 16.00001
303, 303, 1, 10, 24, 13.99991
304, 304, 1, 10, 25, 11.99979
305, 305, 1, 10, 26, 9.999797
306, 306, 1, 10, 27, 7.999968
307, 307, 1, 10, 28, 6.000192
308, 308, 1, 10, 29, 4.000154
309, 309, 1, 10, 30, 1.999942
310, 310, 1, 10, 31, 0.0
311, 311, 1, 11, 1, 60.0
312, 312, 1, 11, 2, 57.99955
313, 313, 1, 11, 3, 55.9996
314, 314, 1, 11, 4, 53.99949
315, 315, 1, 11, 5, 51.99949
316, 316, 1, 11, 6, 49.99952
317, 317, 1, 11, 7, 47.99946
318, 318, 1, 11, 8, 45.99937
319, 319, 1, 11, 9, 43.99933
320, 320, 1, 11, 10, 41.99938
321, 321, 1, 11, 11, 39.99952
322, 322, 1, 11, 12, 37.99968
323, 323, 1, 11, 13, 35.99982
324, 324, 1, 11, 14, 33.9999
325, 325, 1, 11, 15, 31.99991
326, 326, 1, 11, 16, 29.99989
327, 327, 1, 11, 17, 27.99988
328, 328, 1, 11, 18, 25.99992
329, 329, 1, 11, 19, 23.99998
330, 330, 1, 11, 20, 22.00003
331, 331, 1, 11, 21, 20.00005
332, 332, 1, 11, 22, 18.00003
333, 333, 1, 11, 23, 15.99999
334, 334, 1, 11, 24, 13.99993
335, 335, 1, 11, 25, 11.99987
336, 336, 1, 11, 26, 9.999909
337, 337, 1, 11, 27, 8.000074
338, 338, 1, 11, 28, 6.000215
339, 339, 1, 11, 29, 4.000137
340, 340, 1, 11, 30, 1.99994
341, 341, 1, 11, 31, 0.0
342, 342, 1, 12, 1, 60.0
343, 343, 1, 12, 2, 57.99956
344, 344, 1, 12, 3, 55.9996
345, 345, 1, 12, 4, 53.99951
346, 346, 1, 12, 5, 51.99951
347, 347, 1, 12, 6, 49.99955
348, 348, 1, 12, 7, 47.99952
349, 349, 1, 12, 8, 45.99943
350, 350, 1, 12, 9, 43.99934
351, 351, 1, 12, 10, 41.99933
352, 352, 1, 12, 11, 39.99942
353, 353, 1, 12, 12, 37.99957
354, 354, 1, 12, 13, 35.99974
355, 355, 1, 12, 14, 33.9999
356, 356, 1, 12, 15, 31.99998
357, 357, 1, 12, 16, 29.99999
358, 358, 1, 12, 17, 27.99997
359, 359, 1, 12, 18, 25.99996
360, 360, 1, 12, 19, 24.0
361, 361, 1, 12, 20, 22.00006
362, 362, 1, 12, 21, 20.00008
363, 363, 1, 12, 22, 18.00006
364, 364, 1, 12, 23, 16.00001
365, 365, 1, 12, 24, 13.99997
366, 366, 1, 12, 25, 11.99995
367, 367, 1, 12, 26, 10.00001
368, 368, 1, 12, 27, 8.000149
369, 369, 1, 12, 28, 6.000223
370, 370, 1, 12, 29, 4.000121
371, 371, 1, 12, 30, 1.999938
372, 372, 1, 12, 31, 0.0
373, 373, 1, 13, 1, 60.0
374, 374, 1, 13, 2, 57.99958
375, 375, 1, 13, 3, 55.99962
376, 376, 1, 13, 4, 53.99953
377, 377, 1, 13, 5, 51.99953
378, 378, 1, 13, 6, 49.99959
379, 379, 1, 13, 7, 47.9996
380, 380, 1, 13, 8, 45.99953
381, 381, 1, 13, 9, 43.99943
382, 382, 1, 13, 10, 41.99937
383, 383, 1, 13, 11, 39.99939
384, 384, 1, 13, 12, 37.99949
385, 385, 1, 13, 13, 35.99965
386, 386, 1, 13, 14, 33.99984
387, 387, 1, 13, 15, 31.99998
388, 388, 1, 13, 16, 30.00005
389, 389, 1, 13, 17, 28.00004
390, 390, 1, 13, 18, 25.99999
391, 391, 1, 13, 19, 23.99998
392, 392, 1, 13, 20, 22.00001
393, 393, 1, 13, 21, 20.00005
394, 394, 1, 13, 22, 18.00008
395, 395, 1, 13, 23, 16.00007
396, 396, 1, 13, 24, 14.00005
397, 397, 1, 13, 25, 12.00006
398, 398, 1, 13, 26, 10.00011
399, 399, 1, 13, 27, 8.000202
400, 400, 1, 13, 28, 6.000219
401, 401, 1, 13, 29, 4.000103
402, 402, 1, 13, 30, 1.999935
403, 403, 1, 13, 31, 0.0
404, 404, 1, 14, 1, 60.0
405, 405, 1, 14, 2, 57.99961
406, 406, 1, 14, 3, 55.99965
407, 407, 1, 14, 4, 53.99955
408, 408, 1, 14, 5, 51.99955
409, 409, 1, 14, 6, 49.99963
410, 410, 1, 14, 7, 47.99968
411, 411, 1, 14, 8, 45.99965
412, 412, 1, 14, 9, 43.99957
413, 413, 1, 14, 10, 41.99948
414, 414, 1, 14, 11, 39.99944
415, 415, 1, 14, 12, 37.99947
416, 416, 1, 14, 13, 35.99957
417, 417, 1, 14, 14, 33.99973
418, 418, 1, 14, 15, 31.99992
419, 419, 1, 14, 16, 30.00004
420, 420, 1, 14, 17, 28.00007
421, 421, 1, 14, 18, 26.00002
422, 422, 1, 14, 19, 23.99995
423, 423, 1, 14, 20, 21.99993
424, 424, 1, 14, 21, 19.99996
425, 425, 1, 14, 22, 18.00002
426, 426, 1, 14, 23, 16.00009
427, 427, 1, 14, 24, 14.00014
428, 428, 1, 14, 25, 12.00018
429, 429, 1, 14, 26, 10.00023
430, 430, 1, 14, 27, 8.000256
431, 431, 1, 14, 28, 6.000216
432, 432, 1, 14, 29, 4.000084
433, 433, 1, 14, 30, 1.99993
434, 434, 1, 14, 31, 0.0
435, 435, 1, 15, 1, 60.0
436, 436, 1, 15, 2, 57.99966
437, 437, 1, 15, 3, 55.99968
438, 438, 1, 15, 4, 53.99958
439, 439, 1, 15, 5, 51.99958
440, 440, 1, 15, 6, 49.99966
441, 441, 1, 15, 7, 47.99974
442, 442, 1, 15, 8, 45.99974
443, 443, 1, 15, 9, 43.9997
444, 444, 1, 15, 10, 41.99963
445, 445, 1, 15, 11, 39.99957
446, 446, 1, 15, 12, 37.99953
447, 447, 1, 15, 13, 35.99955
448, 448, 1, 15, 14, 33.99965
449, 449, 1, 15, 15, 31.99981
450, 450, 1, 15, 16, 29.99997
451, 451, 1, 15, 17, 28.00006
452, 452, 1, 15, 18, 26.00005
453, 453, 1, 15, 19, 23.99996
454, 454, 1, 15, 20, 21.99987
455, 455, 1, 15, 21, 19.99985
456, 456, 1, 15, 22, 17.99991
457, 457, 1, 15, 23, 16.00003
458, 458, 1, 15, 24, 14.00017
459, 459, 1, 15, 25, 12.00027
460, 460, 1, 15, 26, 10.00033
461, 461, 1, 15, 27, 8.000321
462, 462, 1, 15, 28, 6.00023
463, 463, 1, 15, 29, 4.000074
464, 464, 1, 15, 30, 1.999925
465, 465, 1, 15, 31, 0.0
466, 466, 1, 16, 1, 60.0
467, 467, 1, 16, 2, 57.9997
468, 468, 1, 16, 3, 55.99972
469, 469, 1, 16, 4, 53.99962
470, 470, 1, 16, 5, 51.9996
471, 471, 1, 16, 6, 49.99968
472, 472, 1, 16, 7, 47.99977
473, 473, 1, 16, 8, 45.99981
474, 474, 1, 16, 9, 43.9998
475, 475, 1, 16, 10, 41.99977
476, 476, 1, 16, 11, 39.99972
477, 477, 1, 16, 12, 37.99966
478, 478, 1, 16, 13, 35.99962
479, 479, 1, 16, 14, 33.99963
480, 480, 1, 16, 15, 31.99971
481, 481, 1, 16, 16, 29.99985
482, 482, 1, 16, 17, 27.99997
483, 483, 1, 16, 18, 26.00002
484, 484, 1, 16, 19, 23.99998
485, 485, 1, 16, 20, 21.99987
486, 486, 1, 16, 21, 19.99979
487, 487, 1, 16, 22, 17.9998
488, 488, 1, 16, 23, 15.99992
489, 489, 1, 16, 24, 14.00011
490, 490, 1, 16, 25, 12.00028
491, 491, 1, 16, 26, 10.00039
492, 492, 1, 16, 27, 8.000377
493, 493, 1, 16, 28, 6.00026
494, 494, 1, 16, 29, 4.000083
495, 495, 1, 16, 30, 1.999927
496, 496, 1, 16, 31, 0.0
497, 497, 1, 17, 1, 60.0
498, 498, 1, 17, 2, 57.99975
499, 499, 1, 17, 3, 55.99977
500, 500, 1, 17, 4, 53.99967
501, 501, 1, 17, 5, 51.99963
502, 502, 1, 17, 6, 49.9997
503, 503, 1, 17, 7, 47.99979
504, 504, 1, 17, 8, 45.99984
505, 505, 1, 17, 9, 43.99986
506, 506, 1, 17, 10, 41.99986
507, 507, 1, 17, 11, 39.99985
508, 508, 1, 17, 12, 37.99981
509, 509, 1, 17, 13, 35.99976
510, 510, 1, 17, 14, 33.99969
511, 511, 1, 17, 15, 31.99969
512, 512, 1, 17, 16, 29.99974
513, 513, 1, 17, 17, 27.99985
514, 514, 1, 17, 18, 25.99994
515, 515, 1, 17, 19, 23.99996
516, 516, 1, 17, 20, 21.99989
517, 517, 1, 17, 21, 19.9998
518, 518, 1, 17, 22, 17.99975
519, 519, 1, 17, 23, 15.99981
520, 520, 1, 17, 24, 13.99999
521, 521, 1, 17, 25, 12.0002
522, 522, 1, 17, 26, 10.00035
523, 523, 1, 17, 27, 8.000381
524, 524, 1, 17, 28, 6.000278
525, 525, 1, 17, 29, 4.000102
526, 526, 1, 17, 30, 1.99994
527, 527, 1, 17, 31, 0.0
528, 528, 1, 18, 1, 60.0
529, 529, 1, 18, 2, 57.99981
530, 530, 1, 18, 3, 55.99982
531, 531, 1, 18, 4, 53.99972
532, 532, 1, 18, 5, 51.99968
533, 533, 1, 18, 6, 49.99972
534, 534, 1, 18, 7, 47.9998
535, 535, 1, 18, 8, 45.99986
536, 536, 1, 18, 9, 43.99988
537, 537, 1, 18, 10, 41.9999
538, 538, 1, 18, 11, 39.99992
539, 539, 1, 18, 12, 37.99994
540, 540, 1, 18, 13, 35.9999
541, 541, 1, 18, 14, 33.99983
542, 542, 1, 18, 15, 31.99975
543, 543, 1, 18, 16, 29.99972
544, 544, 1, 18, 17, 27.99975
545, 545, 1, 18, 18, 25.99983
546, 546, 1, 18, 19, 23.99989
547, 547, 1, 18, 20, 21.99989
548, 548, 1, 18, 21, 19.99983
549, 549, 1, 18, 22, 17.99976
550, 550, 1, 18, 23, 15.99976
551, 551, 1, 18, 24, 13.99987
552, 552, 1, 18, 25, 12.00006
553, 553, 1, 18, 26, 10.00023
554, 554, 1, 18, 27, 8.000307
555, 555, 1, 18, 28, 6.000251
556, 556, 1, 18, 29, 4.000109
557, 557, 1, 18, 30, 1.999957
558, 558, 1, 18, 31, 0.0
559, 559, 1, 19, 1, 60.0
560, 560, 1, 19, 2, 57.99986
561, 561, 1, 19, 3, 55.99988
562, 562, 1, 19, 4, 53.99977
563, 563, 1, 19, 5, 51.99972
564, 564, 1, 19, 6, 49.99975
565, 565, 1, 19, 7, 47.99982
566, 566, 1, 19, 8, 45.99986
567, 567, 1, 19, 9, 43.99988
568, 568, 1, 19, 10, 41.9999
569, 569, 1, 19, 11, 39.99994
570, 570, 1, 19, 12, 37.99998
571, 571, 1, 19, 13, 36.00001
572, 572, 1, 19, 14, 33.99997
573, 573, 1, 19, 15, 31.99988
574, 574, 1, 19, 16, 29.99978
575, 575, 1, 19, 17, 27.99972
576, 576, 1, 19, 18, 25.99973
577, 577, 1, 19, 19, 23.99979
578, 578, 1, 19, 20, 21.99984
579, 579, 1, 19, 21, 19.99985
580, 580, 1, 19, 22, 17.9998
581, 581, 1, 19, 23, 15.99977
582, 582, 1, 19, 24, 13.99981
583, 583, 1, 19, 25, 11.99993
584, 584, 1, 19, 26, 10.00007
585, 585, 1, 19, 27, 8.000165
586, 586, 1, 19, 28, 6.000162
587, 587, 1, 19, 29, 4.000081
588, 588, 1, 19, 30, 1.999966
589, 589, 1, 19, 31, 0.0
590, 590, 1, 20, 1, 60.0
591, 591, 1, 20, 2, 57.9999
592, 592, 1, 20, 3, 55.99993
593, 593, 1, 20, 4, 53.99983
594, 594, 1, 20, 5, 51.99977
595, 595, 1, 20, 6, 49.99978
596, 596, 1, 20, 7, 47.99984
597, 597, 1, 20, 8, 45.99987
598, 598, 1, 20, 9, 43.99989
599, 599, 1, 20, 10, 41.99989
600, 600, 1, 20, 11, 39.99992
601, 601, 1, 20, 12, 37.99997
602, 602, 1, 20, 13, 36.00004
603, 603, 1, 20, 14, 34.00007
604, 604, 1, 20, 15, 32.00002
605, 605, 1, 20, 16, 29.9999
606, 606, 1, 20, 17, 27.99978
607, 607, 1, 20, 18, 25.9997
608, 608, 1, 20, 19, 23.9997
609, 609, 1, 20, 20, 21.99976
610, 610, 1, 20, 21, 19.99981
611, 611, 1, 20, 22, 17.99983
612, 612, 1, 20, 23, 15.99981
613, 613, 1, 20, 24, 13.99981
614, 614, 1, 20, 25, 11.99985
615, 615, 1, 20, 26, 9.999933
616, 616, 1, 20, 27, 8.000002
617, 617, 1, 20, 28, 6.000028
618, 618, 1, 20, 29, 4.000011
619, 619, 1, 20, 30, 1.999957
620, 620, 1, 20, 31, 0.0
621, 621, 1, 21, 1, 60.0
622, 622, 1, 21, 2, 57.99995
623, 623, 1, 21, 3, 55.99998
624, 624, 1, 21, 4, 53.99988
625, 625, 1, 21, 5, 51.99981
626, 626, 1, 21, 6, 49.99982
627, 627, 1, 21, 7, 47.99986
628, 628, 1, 21, 8, 45.99989
629, 629, 1, 21, 9, 43.9999
630, 630, 1, 21, 10, 41.9999
631, 631, 1, 21, 11, 39.9999
632, 632, 1, 21, 12, 37.99994
633, 633, 1, 21, 13, 36.00001
634, 634, 1, 21, 14, 34.00008
635, 635, 1, 21, 15, 32.00009
636, 636, 1, 21, 16, 30.00002
637, 637, 1, 21, 17, 27.99989
638, 638, 1, 21, 18, 25.99975
639, 639, 1, 21, 19, 23.99967
640, 640, 1, 21, 20, 21.99967
641, 641, 1, 21, 21, 19.99973
642, 642, 1, 21, 22, 17.9998
643, 643, 1, 21, 23, 15.99983
644, 644, 1, 21, 24, 13.99983
645, 645, 1, 21, 25, 11.99984
646, 646, 1, 21, 26, 9.99985
647, 647, 1, 21, 27, 7.999866
648, 648, 1, 21, 28, 5.999885
649, 649, 1, 21, 29, 3.999916
650, 650, 1, 21, 30, 1.999931
651, 651, 1, 21, 31, 0.0
652, 652, 1, 22, 1, 60.0
653, 653, 1, 22, 2, 58.0
654, 654, 1, 22, 3, 56.00003
655, 655, 1, 22, 4, 53.99993
656, 656, 1, 22, 5, 51.99986
657, 657, 1, 22, 6, 49.99985
658, 658, 1, 22, 7, 47.99988
659, 659, 1, 22, 8, 45.99991
660, 660, 1, 22, 9, 43.99992
661, 661, 1, 22, 10, 41.99992
662, 662, 1, 22, 11, 39.9999
663, 663, 1, 22, 12, 37.9999
664, 664, 1, 22, 13, 35.99994
665, 665, 1, 22, 14, 34.00002
666, 666, 1, 22, 15, 32.00008
667, 667, 1, 22, 16, 30.00008
668, 668, 1, 22, 17, 27.99999
669, 669, 1, 22, 18, 25.99985
670, 670, 1, 22, 19, 23.9997
671, 671, 1, 22, 20, 21.99963
672, 672, 1, 22, 21, 19.99965
673, 673, 1, 22, 22, 17.99972
674, 674, 1, 22, 23, 15.99979
675, 675, 1, 22, 24, 13.99984
676, 676, 1, 22, 25, 11.99984
677, 677, 1, 22, 26, 9.999823
678, 678, 1, 22, 27, 7.999787
679, 679, 1, 22, 28, 5.999774
680, 680, 1, 22, 29, 3.999824
681, 681, 1, 22, 30, 1.999897
682, 682, 1, 22, 31, 0.0
683, 683, 1, 23, 1, 60.0
684, 684, 1, 23, 2, 58.00004
685, 685, 1, 23, 3, 56.00008
686, 686, 1, 23, 4, 53.99998
687, 687, 1, 23, 5, 51.99989
688, 688, 1, 23, 6, 49.99988
689, 689, 1, 23, 7, 47.99992
690, 690, 1, 23, 8, 45.99994
691, 691, 1, 23, 9, 43.99995
692, 692, 1, 23, 10, 41.99994
693, 693, 1, 23, 11, 39.99992
694, 694, 1, 23, 12, 37.99989
695, 695, 1, 23, 13, 35.99988
696, 696, 1, 23, 14, 33.99992
697, 697, 1, 23, 15, 31.99998
698, 698, 1, 23, 16, 30.00004
699, 699, 1, 23, 17, 28.00002
700, 700, 1, 23, 18, 25.99993
701, 701, 1, 23, 19, 23.99978
702, 702, 1, 23, 20, 21.99965
703, 703, 1, 23, 21, 19.9996
704, 704, 1, 23, 22, 17.99963
705, 705, 1, 23, 23, 15.99971
706, 706, 1, 23, 24, 13.9998
707, 707, 1, 23, 25, 11.99984
708, 708, 1, 23, 26, 9.999823
709, 709, 1, 23, 27, 7.999764
710, 710, 1, 23, 28, 5.999717
711, 711, 1, 23, 29, 3.999762
712, 712, 1, 23, 30, 1.999873
713, 713, 1, 23, 31, 0.0
714, 714, 1, 24, 1, 60.0
715, 715, 1, 24, 2, 58.00008
716, 716, 1, 24, 3, 56.00013
717, 717, 1, 24, 4, 54.00002
718, 718, 1, 24, 5, 51.99991
719, 719, 1, 24, 6, 49.9999
720, 720, 1, 24, 7, 47.99995
721, 721, 1, 24, 8, 46.0
722, 722, 1, 24, 9, 44.0
723, 723, 1, 24, 10, 41.99998
724, 724, 1, 24, 11, 39.99994
725, 725, 1, 24, 12, 37.9999
726, 726, 1, 24, 13, 35.99984
727, 727, 1, 24, 14, 33.99982
728, 728, 1, 24, 15, 31.99984
729, 729, 1, 24, 16, 29.9999
730, 730, 1, 24, 17, 27.99996
731, 731, 1, 24, 18, 25.99994
732, 732, 1, 24, 19, 23.99985
733, 733, 1, 24, 20, 21.99972
734, 734, 1, 24, 21, 19.99962
735, 735, 1, 24, 22, 17.99959
736, 736, 1, 24, 23, 15.99963
737, 737, 1, 24, 24, 13.99972
738, 738, 1, 24, 25, 11.9998
739, 739, 1, 24, 26, 9.999819
740, 740, 1, 24, 27, 7.999773
741, 741, 1, 24, 28, 5.99971
742, 742, 1, 24, 29, 3.999742
743, 743, 1, 24, 30, 1.999872
744, 744, 1, 24, 31, 0.0
745, 745, 1, 25, 1, 60.0
746, 746, 1, 25, 2, 58.00011
747, 747, 1, 25, 3, 56.00018
748, 748, 1, 25, 4, 54.00007
749, 749, 1, 25, 5, 51.99993
750, 750, 1, 25, 6, 49.99988
751, 751, 1, 25, 7, 47.99996
752, 752, 1, 25, 8, 46.00005
753, 753, 1, 25, 9, 44.00008
754, 754, 1, 25, 10, 42.00004
755, 755, 1, 25, 11, 39.99998
756, 756, 1, 25, 12, 37.99991
757, 757, 1, 25, 13, 35.99982
758, 758, 1, 25, 14, 33.99974
759, 759, 1, 25, 15, 31.9997
760, 760, 1, 25, 16, 29.99973
761, 761, 1, 25, 17, 27.9998
762, 762, 1, 25, 18, 25.99986
763, 763, 1, 25, 19, 23.99986
764, 764, 1, 25, 20, 21.99979
765, 765, 1, 25, 21, 19.99968
766, 766, 1, 25, 22, 17.99961
767, 767, 1, 25, 23, 15.9996
768, 768, 1, 25, 24, 13.99965
769, 769, 1, 25, 25, 11.99974
770, 770, 1, 25, 26, 9.999798
771, 771, 1, 25, 27, 7.999789
772, 772, 1, 25, 28, 5.999738
773, 773, 1, 25, 29, 3.999764
774, 774, 1, 25, 30, 1.999902
775, 775, 1, 25, 31, 0.0
776, 776, 1, 26, 1, 60.0
777, 777, 1, 26, 2, 58.00014
778, 778, 1, 26, 3, 56.00022
779, 779, 1, 26, 4, 54.00014
780, 780, 1, 26, 5, 51.99998
781, 781, 1, 26, 6, 49.99988
782, 782, 1, 26, 7, 47.99993
783, 783, 1, 26, 8, 46.00006
784, 784, 1, 26, 9, 44.00013
785, 785, 1, 26, 10, 42.00011
786, 786, 1, 26, 11, 40.00002
787, 787, 1, 26, 12, 37.99992
788, 788, 1, 26, 13, 35.99981
789, 789, 1, 26, 14, 33.9997
790, 790, 1, 26, 15, 31.9996
791, 791, 1, 26, 16, 29.99957
792, 792, 1, 26, 17, 27.99961
793, 793, 1, 26, 18, 25.9997
794, 794, 1, 26, 19, 23.99978
795, 795, 1, 26, 20, 21.9998
796, 796, 1, 26, 21, 19.99975
797, 797, 1, 26, 22, 17.99968
798, 798, 1, 26, 23, 15.99963
799, 799, 1, 26, 24, 13.99963
800, 800, 1, 26, 25, 11.9997
801, 801, 1, 26, 26, 9.999772
802, 802, 1, 26, 27, 7.999805
803, 803, 1, 26, 28, 5.999784
804, 804, 1, 26, 29, 3.999818
805, 805, 1, 26, 30, 1.999962
806, 806, 1, 26, 31, 0.0
807, 807, 1, 27, 1, 60.0
808, 808, 1, 27, 2, 58.00016
809, 809, 1, 27, 3, 56.00023
810, 810, 1, 27, 4, 54.00018
811, 811, 1, 27, 5, 52.00011
812, 812, 1, 27, 6, 49.99997
813, 813, 1, 27, 7, 47.99992
814, 814, 1, 27, 8, 46.0
815, 815, 1, 27, 9, 44.0001
816, 816, 1, 27, 10, 42.00011
817, 817, 1, 27, 11, 40.00003
818, 818, 1, 27, 12, 37.99992
819, 819, 1, 27, 13, 35.99981
820, 820, 1, 27, 14, 33.99968
821, 821, 1, 27, 15, 31.99956
822, 822, 1, 27, 16, 29.99947
823, 823, 1, 27, 17, 27.99946
824, 824, 1, 27, 18, 25.99953
825, 825, 1, 27, 19, 23.99964
826, 826, 1, 27, 20, 21.99975
827, 827, 1, 27, 21, 19.99979
828, 828, 1, 27, 22, 17.99977
829, 829, 1, 27, 23, 15.99972
830, 830, 1, 27, 24, 13.99969
831, 831, 1, 27, 25, 11.99971
832, 832, 1, 27, 26, 9.99977
833, 833, 1, 27, 27, 7.999827
834, 834, 1, 27, 28, 5.99984
835, 835, 1, 27, 29, 3.99989
836, 836, 1, 27, 30, 2.000047
837, 837, 1, 27, 31, 0.0
838, 838, 1, 28, 1, 60.0
839, 839, 1, 28, 2, 58.00018
840, 840, 1, 28, 3, 56.00021
841, 841, 1, 28, 4, 54.00011
842, 842, 1, 28, 5, 52.00021
843, 843, 1, 28, 6, 50.00018
844, 844, 1, 28, 7, 48.00004
845, 845, 1, 28, 8, 45.99996
846, 846, 1, 28, 9, 43.99998
847, 847, 1, 28, 10, 42.0
848, 848, 1, 28, 11, 39.99996
849, 849, 1, 28, 12, 37.99988
850, 850, 1, 28, 13, 35.99978
851, 851, 1, 28, 14, 33.99968
852, 852, 1, 28, 15, 31.99957
853, 853, 1, 28, 16, 29.99947
854, 854, 1, 28, 17, 27.99941
855, 855, 1, 28, 18, 25.99943
856, 856, 1, 28, 19, 23.99953
857, 857, 1, 28, 20, 21.99966
858, 858, 1, 28, 21, 19.99978
859, 859, 1, 28, 22, 17.99984
860, 860, 1, 28, 23, 15.99984
861, 861, 1, 28, 24, 13.99981
862, 862, 1, 28, 25, 11.9998
863, 863, 1, 28, 26, 9.999832
864, 864, 1, 28, 27, 7.999885
865, 865, 1, 28, 28, 5.999915
866, 866, 1, 28, 29, 3.999974
867, 867, 1, 28, 30, 2.000148
868, 868, 1, 28, 31, 0.0
869, 869, 1, 29, 1, 60.0
870, 870, 1, 29, 2, 58.00023
871, 871, 1, 29, 3, 56.00024
872, 872, 1, 29, 4, 53.99993
873, 873, 1, 29, 5, 52.00005
874, 874, 1, 29, 6, 50.00025
875, 875, 1, 29, 7, 48.00022
876, 876, 1, 29, 8, 46.00006
877, 877, 1, 29, 9, 43.99995
878, 878, 1, 29, 10, 41.9999
879, 879, 1, 29, 11, 39.99987
880, 880, 1, 29, 12, 37.99981
881, 881, 1, 29, 13, 35.99974
882, 882, 1, 29, 14, 33.99968
883, 883, 1, 29, 15, 31.9996
884, 884, 1, 29, 16, 29.99952
885, 885, 1, 29, 17, 27.99944
886, 886, 1, 29, 18, 25.99941
887, 887, 1, 29, 19, 23.99946
888, 888, 1, 29, 20, 21.99959
889, 889, 1, 29, 21, 19.99974
890, 890, 1, 29, 22, 17.99987
891, 891, 1, 29, 23, 15.99995
892, 892, 1, 29, 24, 13.99997
893, 893, 1, 29, 25, 11.99997
894, 894, 1, 29, 26, 9.999978
895, 895, 1, 29, 27, 8.000017
896, 896, 1, 29, 28, 6.000046
897, 897, 1, 29, 29, 4.000093
898, 898, 1, 29, 30, 2.00027
899, 899, 1, 29, 31, 0.0
900, 900, 1, 30, 1, 60.0
901, 901, 1, 30, 2, 58.00032
902, 902, 1, 30, 3, 56.00046
903, 903, 1, 30, 4, 54.0001
904, 904, 1, 30, 5, 51.99974
905, 905, 1, 30, 6, 49.9998
906, 906, 1, 30, 7, 47.99998
907, 907, 1, 30, 8, 46.00007
908, 908, 1, 30, 9, 44.00006
909, 909, 1, 30, 10, 42.00003
910, 910, 1, 30, 11, 39.99997
911, 911, 1, 30, 12, 37.99989
912, 912, 1, 30, 13, 35.99979
913, 913, 1, 30, 14, 33.99971
914, 914, 1, 30, 15, 31.99963
915, 915, 1, 30, 16, 29.99956
916, 916, 1, 30, 17, 27.99948
917, 917, 1, 30, 18, 25.99944
918, 918, 1, 30, 19, 23.99945
919, 919, 1, 30, 20, 21.99953
920, 920, 1, 30, 21, 19.99968
921, 921, 1, 30, 22, 17.99985
922, 922, 1, 30, 23, 15.99999
923, 923, 1, 30, 24, 14.00008
924, 924, 1, 30, 25, 12.00013
925, 925, 1, 30, 26, 10.00015
926, 926, 1, 30, 27, 8.000189
927, 927, 1, 30, 28, 6.000214
928, 928, 1, 30, 29, 4.000237
929, 929, 1, 30, 30, 2.000406
930, 930, 1, 30, 31, 0.0
931, 931, 1, 31, 1, 60.0
932, 932, 1, 31, 2, 58.00037
933, 933, 1, 31, 3, 56.00061
934, 934, 1, 31, 4, 54.00058
935, 935, 1, 31, 5, 52.00026
936, 936, 1, 31, 6, 50.00002
937, 937, 1, 31, 7, 47.99995
938, 938, 1, 31, 8, 45.99994
939, 939, 1, 31, 9, 43.99994
940, 940, 1, 31, 10, 41.99992
941, 941, 1, 31, 11, 39.99989
942, 942, 1, 31, 12, 37.99983
943, 943, 1, 31, 13, 35.99976
944, 944, 1, 31, 14, 33.99968
945, 945, 1, 31, 15, 31.99961
946, 946, 1, 31, 16, 29.99956
947, 947, 1, 31, 17, 27.99951
948, 948, 1, 31, 18, 25.99949
949, 949, 1, 31, 19, 23.9995
950, 950, 1, 31, 20, 21.99958
951, 951, 1, 31, 21, 19.99972
952, 952, 1, 31, 22, 17.9999
953, 953, 1, 31, 23, 16.00008
954, 954, 1, 31, 24, 14.00023
955, 955, 1, 31, 25, 12.00032
956, 956, 1, 31, 26, 10.00035
957, 957, 1, 31, 27, 8.000338
958, 958, 1, 31, 28, 6.000281
959, 959, 1, 31, 29, 4.000172
960, 960, 1, 31, 30, 2.000205
961, 961, 1, 31, 31, 0.0
