, "id", "k", "i", "j", "f", "Active"
1, 1, 1, 1, 1, -999.0, 0
2, 2, 1, 1, 2, -999.0, 0
3, 3, 1, 1, 3, -999.0, 0
4, 4, 1, 1, 4, -999.0, 0
5, 5, 1, 1, 5, -999.0, 0
6, 6, 1, 1, 6, -999.0, 0
7, 7, 1, 1, 7, -999.0, 0
8, 8, 1, 1, 8, -999.0, 0
9, 9, 1, 1, 9, -999.0, 0
10, 10, 1, 1, 10, -999.0, 0
11, 11, 1, 1, 11, 0.0, 1
12, 12, 1, 1, 12, 0.0, 1
13, 13, 1, 1, 13, 0.0, 1
14, 14, 1, 1, 14, 0.0, 1
15, 15, 1, 1, 15, 0.0, 1
16, 16, 1, 1, 16, 0.0, 1
17, 17, 1, 1, 17, 0.0, 1
18, 18, 1, 1, 18, 0.0, 1
19, 19, 1, 1, 19, 0.0, 1
20, 20, 1, 1, 20, 0.0, 1
21, 21, 1, 1, 21, 0.0, 1
22, 22, 1, 1, 22, 0.0, 1
23, 23, 1, 1, 23, 0.0, 1
24, 24, 1, 1, 24, 0.0, 1
25, 25, 1, 1, 25, 0.0, 1
26, 26, 1, 1, 26, 0.0, 1
27, 27, 1, 1, 27, 0.0, 1
28, 28, 1, 1, 28, 0.0, 1
29, 29, 1, 1, 29, 0.0, 1
30, 30, 1, 1, 30, 0.0, 1
31, 31, 1, 1, 31, 0.0, 1
32, 32, 1, 1, 32, 0.0, 1
33, 33, 1, 1, 33, 0.0, 1
34, 34, 1, 1, 34, 0.0, 1
35, 35, 1, 1, 35, 0.0, 1
36, 36, 1, 1, 36, 0.0, 1
37, 37, 1, 1, 37, 0.0, 1
38, 38, 1, 1, 38, 0.0, 1
39, 39, 1, 1, 39, 0.0, 1
40, 40, 1, 1, 40, 0.0, 1
41, 41, 1, 1, 41, 0.0, 1
42, 42, 1, 1, 42, 0.0, 1
43, 43, 1, 1, 43, 0.0, 1
44, 44, 1, 1, 44, 0.0, 1
45, 45, 1, 1, 45, 0.0, 1
46, 46, 1, 1, 46, 0.0, 1
47, 47, 1, 1, 47, 0.0, 1
48, 48, 1, 1, 48, 0.0, 1
49, 49, 1, 1, 49, 0.0, 1
50, 50, 1, 1, 50, 0.0, 1
51, 51, 1, 1, 51, 0.0, 1
52, 52, 1, 1, 52, -999.0, 0
53, 53, 1, 1, 53, -999.0, 0
54, 54, 1, 1, 54, -999.0, 0
55, 55, 1, 1, 55, -999.0, 0
56, 56, 1, 1, 56, -999.0, 0
57, 57, 1, 1, 57, -999.0, 0
58, 58, 1, 1, 58, -999.0, 0
59, 59, 1, 1, 59, -999.0, 0
60, 60, 1, 1, 60, -999.0, 0
61, 61, 1, 1, 61, -999.0, 0
62, 62, 1, 2, 1, -999.0, 0
63, 63, 1, 2, 2, -999.0, 0
64, 64, 1, 2, 3, -999.0, 0
65, 65, 1, 2, 4, -999.0, 0
66, 66, 1, 2, 5, -999.0, 0
67, 67, 1, 2, 6, -999.0, 0
68, 68, 1, 2, 7, -999.0, 0
69, 69, 1, 2, 8, -999.0, 0
70, 70, 1, 2, 9, -999.0, 0
71, 71, 1, 2, 10, 0.0, 1
72, 72, 1, 2, 11, 5.391229, 1
73, 73, 1, 2, 12, 9.093152, 1
74, 74, 1, 2, 13, 11.70721, 1
75, 75, 1, 2, 14, 13.64728, 1
76, 76, 1, 2, 15, 15.15168, 1
77, 77, 1, 2, 16, 16.35769, 1
78, 78, 1, 2, 17, 17.34793, 1
79, 79, 1, 2, 18, 18.17484, 1
80, 80, 1, 2, 19, 18.87335, 1
81, 81, 1, 2, 20, 19.4677, 1
82, 82, 1, 2, 21, 19.97532, 1
83, 83, 1, 2, 22, 20.40905, 1
84, 84, 1, 2, 23, 20.77856, 1
85, 85, 1, 2, 24, 21.09126, 1
86, 86, 1, 2, 25, 21.35287, 1
87, 87, 1, 2, 26, 21.56782, 1
88, 88, 1, 2, 27, 21.73953, 1
89, 89, 1, 2, 28, 21.8706, 1
90, 90, 1, 2, 29, 21.96293, 1
91, 91, 1, 2, 30, 22.01783, 1
92, 92, 1, 2, 31, 22.03605, 1
93, 93, 1, 2, 32, 22.01784, 1
94, 94, 1, 2, 33, 21.96296, 1
95, 95, 1, 2, 34, 21.87064, 1
96, 96, 1, 2, 35, 21.73958, 1
97, 97, 1, 2, 36, 21.56788, 1
98, 98, 1, 2, 37, 21.35293, 1
99, 99, 1, 2, 38, 21.09132, 1
100, 100, 1, 2, 39, 20.77861, 1
101, 101, 1, 2, 40, 20.40908, 1
102, 102, 1, 2, 41, 19.97534, 1
103, 103, 1, 2, 42, 19.46769, 1
104, 104, 1, 2, 43, 18.8733, 1
105, 105, 1, 2, 44, 18.17474, 1
106, 106, 1, 2, 45, 17.34776, 1
107, 107, 1, 2, 46, 16.35744, 1
108, 108, 1, 2, 47, 15.15135, 1
109, 109, 1, 2, 48, 13.64687, 1
110, 110, 1, 2, 49, 11.70675, 1
111, 111, 1, 2, 50, 9.092669, 1
112, 112, 1, 2, 51, 5.390721, 1
113, 113, 1, 2, 52, 0.0, 1
114, 114, 1, 2, 53, -999.0, 0
115, 115, 1, 2, 54, -999.0, 0
116, 116, 1, 2, 55, -999.0, 0
117, 117, 1, 2, 56, -999.0, 0
118, 118, 1, 2, 57, -999.0, 0
119, 119, 1, 2, 58, -999.0, 0
120, 120, 1, 2, 59, -999.0, 0
121, 121, 1, 2, 60, -999.0, 0
122, 122, 1, 2, 61, -999.0, 0
123, 123, 1, 3, 1, -999.0, 0
124, 124, 1, 3, 2, -999.0, 0
125, 125, 1, 3, 3, -999.0, 0
126, 126, 1, 3, 4, -999.0, 0
127, 127, 1, 3, 5, -999.0, 0
128, 128, 1, 3, 6, -999.0, 0
129, 129, 1, 3, 7, -999.0, 0
130, 130, 1, 3, 8, -999.0, 0
131, 131, 1, 3, 9, -999.0, 0
132, 132, 1, 3, 10, 0.0, 1
133, 133, 1, 3, 11, 10.85671, 1
134, 134, 1, 3, 12, 17.6743, 1
135, 135, 1, 3, 13, 22.4988, 1
136, 136, 1, 3, 14, 26.14653, 1
137, 137, 1, 3, 15, 29.02155, 1
138, 138, 1, 3, 16, 31.35304, 1
139, 139, 1, 3, 17, 33.28244, 1
140, 140, 1, 3, 18, 34.90223, 1
141, 141, 1, 3, 19, 36.27562, 1
142, 142, 1, 3, 20, 37.44736, 1
143, 143, 1, 3, 21, 38.45007, 1
144, 144, 1, 3, 22, 39.30806, 1
145, 145, 1, 3, 23, 40.03983, 1
146, 146, 1, 3, 24, 40.65963, 1
147, 147, 1, 3, 25, 41.17849, 1
148, 148, 1, 3, 26, 41.60503, 1
149, 149, 1, 3, 27, 41.94589, 1
150, 150, 1, 3, 28, 42.20614, 1
151, 151, 1, 3, 29, 42.38951, 1
152, 152, 1, 3, 30, 42.49854, 1
153, 153, 1, 3, 31, 42.53472, 1
154, 154, 1, 3, 32, 42.49854, 1
155, 155, 1, 3, 33, 42.3895, 1
156, 156, 1, 3, 34, 42.20613, 1
157, 157, 1, 3, 35, 41.94586, 1
158, 158, 1, 3, 36, 41.60498, 1
159, 159, 1, 3, 37, 41.17842, 1
160, 160, 1, 3, 38, 40.65952, 1
161, 161, 1, 3, 39, 40.03968, 1
162, 162, 1, 3, 40, 39.30784, 1
163, 163, 1, 3, 41, 38.44979, 1
164, 164, 1, 3, 42, 37.44703, 1
165, 165, 1, 3, 43, 36.27522, 1
166, 166, 1, 3, 44, 34.90176, 1
167, 167, 1, 3, 45, 33.28188, 1
168, 168, 1, 3, 46, 31.35239, 1
169, 169, 1, 3, 47, 29.0208, 1
170, 170, 1, 3, 48, 26.14569, 1
171, 171, 1, 3, 49, 22.49791, 1
172, 172, 1, 3, 50, 17.67346, 1
173, 173, 1, 3, 51, 10.8561, 1
174, 174, 1, 3, 52, 0.0, 1
175, 175, 1, 3, 53, -999.0, 0
176, 176, 1, 3, 54, -999.0, 0
177, 177, 1, 3, 55, -999.0, 0
178, 178, 1, 3, 56, -999.0, 0
179, 179, 1, 3, 57, -999.0, 0
180, 180, 1, 3, 58, -999.0, 0
181, 181, 1, 3, 59, -999.0, 0
182, 182, 1, 3, 60, -999.0, 0
183, 183, 1, 3, 61, -999.0, 0
184, 184, 1, 4, 1, -999.0, 0
185, 185, 1, 4, 2, -999.0, 0
186, 186, 1, 4, 3, -999.0, 0
187, 187, 1, 4, 4, -999.0, 0
188, 188, 1, 4, 5, -999.0, 0
189, 189, 1, 4, 6, -999.0, 0
190, 190, 1, 4, 7, -999.0, 0
191, 191, 1, 4, 8, -999.0, 0
192, 192, 1, 4, 9, 0.0, 1
193, 193, 1, 4, 10, 8.925217, 1
194, 194, 1, 4, 11, 18.68875, 1
195, 195, 1, 4, 12, 26.62661, 1
196, 196, 1, 4, 13, 32.86527, 1
197, 197, 1, 4, 14, 37.82652, 1
198, 198, 1, 4, 15, 41.84858, 1
199, 199, 1, 4, 16, 45.16761, 1
200, 200, 1, 4, 17, 47.94598, 1
201, 201, 1, 4, 18, 50.29705, 1
202, 202, 1, 4, 19, 52.30171, 1
203, 203, 1, 4, 20, 54.01906, 1
204, 204, 1, 4, 21, 55.49316, 1
205, 205, 1, 4, 22, 56.75743, 1
206, 206, 1, 4, 23, 57.83762, 1
207, 207, 1, 4, 24, 58.75376, 1
208, 208, 1, 4, 25, 59.52151, 1
209, 209, 1, 4, 26, 60.15317, 1
210, 210, 1, 4, 27, 60.65826, 1
211, 211, 1, 4, 28, 61.04409, 1
212, 212, 1, 4, 29, 61.31602, 1
213, 213, 1, 4, 30, 61.47775, 1
214, 214, 1, 4, 31, 61.53142, 1
215, 215, 1, 4, 32, 61.47775, 1
216, 216, 1, 4, 33, 61.31603, 1
217, 217, 1, 4, 34, 61.04411, 1
218, 218, 1, 4, 35, 60.65828, 1
219, 219, 1, 4, 36, 60.15317, 1
220, 220, 1, 4, 37, 59.5215, 1
221, 221, 1, 4, 38, 58.7537, 1
222, 222, 1, 4, 39, 57.83752, 1
223, 223, 1, 4, 40, 56.75727, 1
224, 224, 1, 4, 41, 55.49294, 1
225, 225, 1, 4, 42, 54.0188, 1
226, 226, 1, 4, 43, 52.3014, 1
227, 227, 1, 4, 44, 50.2967, 1
228, 228, 1, 4, 45, 47.9456, 1
229, 229, 1, 4, 46, 45.16717, 1
230, 230, 1, 4, 47, 41.84807, 1
231, 231, 1, 4, 48, 37.82595, 1
232, 232, 1, 4, 49, 32.86471, 1
233, 233, 1, 4, 50, 26.62582, 1
234, 234, 1, 4, 51, 18.68808, 1
235, 235, 1, 4, 52, 8.924641, 1
236, 236, 1, 4, 53, 0.0, 1
237, 237, 1, 4, 54, -999.0, 0
238, 238, 1, 4, 55, -999.0, 0
239, 239, 1, 4, 56, -999.0, 0
240, 240, 1, 4, 57, -999.0, 0
241, 241, 1, 4, 58, -999.0, 0
242, 242, 1, 4, 59, -999.0, 0
243, 243, 1, 4, 60, -999.0, 0
244, 244, 1, 4, 61, -999.0, 0
245, 245, 1, 5, 1, -999.0, 0
246, 246, 1, 5, 2, -999.0, 0
247, 247, 1, 5, 3, -999.0, 0
248, 248, 1, 5, 4, -999.0, 0
249, 249, 1, 5, 5, -999.0, 0
250, 250, 1, 5, 6, -999.0, 0
251, 251, 1, 5, 7, -999.0, 0
252, 252, 1, 5, 8, -999.0, 0
253, 253, 1, 5, 9, 0.0, 1
254, 254, 1, 5, 10, 15.45926, 1
255, 255, 1, 5, 11, 26.7287, 1
256, 256, 1, 5, 12, 35.6635, 1
257, 257, 1, 5, 13, 42.90494, 1
258, 258, 1, 5, 14, 48.8498, 1
259, 259, 1, 5, 15, 53.78858, 1
260, 260, 1, 5, 16, 57.93675, 1
261, 261, 1, 5, 17, 61.45352, 1
262, 262, 1, 5, 18, 64.45692, 1
263, 263, 1, 5, 19, 67.0352, 1
264, 264, 1, 5, 20, 69.25518, 1
265, 265, 1, 5, 21, 71.16805, 1
266, 266, 1, 5, 22, 72.81348, 1
267, 267, 1, 5, 23, 74.22255, 1
268, 268, 1, 5, 24, 75.41974, 1
269, 269, 1, 5, 25, 76.42442, 1
270, 270, 1, 5, 26, 77.25188, 1
271, 271, 1, 5, 27, 77.91409, 1
272, 272, 1, 5, 28, 78.42023, 1
273, 273, 1, 5, 29, 78.77713, 1
274, 274, 1, 5, 30, 78.98945, 1
275, 275, 1, 5, 31, 79.05993, 1
276, 276, 1, 5, 32, 78.98948, 1
277, 277, 1, 5, 33, 78.77718, 1
278, 278, 1, 5, 34, 78.4203, 1
279, 279, 1, 5, 35, 77.91415, 1
280, 280, 1, 5, 36, 77.25195, 1
281, 281, 1, 5, 37, 76.42448, 1
282, 282, 1, 5, 38, 75.41978, 1
283, 283, 1, 5, 39, 74.22256, 1
284, 284, 1, 5, 40, 72.81344, 1
285, 285, 1, 5, 41, 71.16795, 1
286, 286, 1, 5, 42, 69.25503, 1
287, 287, 1, 5, 43, 67.035, 1
288, 288, 1, 5, 44, 64.4567, 1
289, 289, 1, 5, 45, 61.45329, 1
290, 290, 1, 5, 46, 57.93651, 1
291, 291, 1, 5, 47, 53.78832, 1
292, 292, 1, 5, 48, 48.84941, 1
293, 293, 1, 5, 49, 42.90425, 1
294, 294, 1, 5, 50, 35.66297, 1
295, 295, 1, 5, 51, 26.72809, 1
296, 296, 1, 5, 52, 15.45883, 1
297, 297, 1, 5, 53, 0.0, 1
298, 298, 1, 5, 54, -999.0, 0
299, 299, 1, 5, 55, -999.0, 0
300, 300, 1, 5, 56, -999.0, 0
301, 301, 1, 5, 57, -999.0, 0
302, 302, 1, 5, 58, -999.0, 0
303, 303, 1, 5, 59, -999.0, 0
304, 304, 1, 5, 60, -999.0, 0
305, 305, 1, 5, 61, -999.0, 0
306, 306, 1, 6, 1, -999.0, 0
307, 307, 1, 6, 2, -999.0, 0
308, 308, 1, 6, 3, -999.0, 0
309, 309, 1, 6, 4, -999.0, 0
310, 310, 1, 6, 5, -999.0, 0
311, 311, 1, 6, 6, -999.0, 0
312, 312, 1, 6, 7, -999.0, 0
313, 313, 1, 6, 8, 0.0, 1
314, 314, 1, 6, 9, 11.95939, 1
315, 315, 1, 6, 10, 24.50699, 1
316, 316, 1, 6, 11, 35.47294, 1
317, 317, 1, 6, 12, 44.77924, 1
318, 318, 1, 6, 13, 52.63647, 1
319, 319, 1, 6, 14, 59.28158, 1
320, 320, 1, 6, 15, 64.92694, 1
321, 321, 1, 6, 16, 69.74895, 1
322, 322, 1, 6, 17, 73.88902, 1
323, 323, 1, 6, 18, 77.45866, 1
324, 324, 1, 6, 19, 80.54542, 1
325, 325, 1, 6, 20, 83.2181, 1
326, 326, 1, 6, 21, 85.53103, 1
327, 327, 1, 6, 22, 87.52731, 1
328, 328, 1, 6, 23, 89.24137, 1
329, 329, 1, 6, 24, 90.70072, 1
330, 330, 1, 6, 25, 91.9274, 1
331, 331, 1, 6, 26, 92.93898, 1
332, 332, 1, 6, 27, 93.74934, 1
333, 333, 1, 6, 28, 94.36918, 1
334, 334, 1, 6, 29, 94.80646, 1
335, 335, 1, 6, 30, 95.06669, 1
336, 336, 1, 6, 31, 95.15309, 1
337, 337, 1, 6, 32, 95.06673, 1
338, 338, 1, 6, 33, 94.80653, 1
339, 339, 1, 6, 34, 94.36926, 1
340, 340, 1, 6, 35, 93.74944, 1
341, 341, 1, 6, 36, 92.93908, 1
342, 342, 1, 6, 37, 91.92749, 1
343, 343, 1, 6, 38, 90.70081, 1
344, 344, 1, 6, 39, 89.24145, 1
345, 345, 1, 6, 40, 87.52737, 1
346, 346, 1, 6, 41, 85.53103, 1
347, 347, 1, 6, 42, 83.21804, 1
348, 348, 1, 6, 43, 80.5453, 1
349, 349, 1, 6, 44, 77.45852, 1
350, 350, 1, 6, 45, 73.88886, 1
351, 351, 1, 6, 46, 69.74876, 1
352, 352, 1, 6, 47, 64.92669, 1
353, 353, 1, 6, 48, 59.28129, 1
354, 354, 1, 6, 49, 52.63595, 1
355, 355, 1, 6, 50, 44.77878, 1
356, 356, 1, 6, 51, 35.47234, 1
357, 357, 1, 6, 52, 24.50664, 1
358, 358, 1, 6, 53, 11.95897, 1
359, 359, 1, 6, 54, 0.0, 1
360, 360, 1, 6, 55, -999.0, 0
361, 361, 1, 6, 56, -999.0, 0
362, 362, 1, 6, 57, -999.0, 0
363, 363, 1, 6, 58, -999.0, 0
364, 364, 1, 6, 59, -999.0, 0
365, 365, 1, 6, 60, -999.0, 0
366, 366, 1, 6, 61, -999.0, 0
367, 367, 1, 7, 1, -999.0, 0
368, 368, 1, 7, 2, -999.0, 0
369, 369, 1, 7, 3, -999.0, 0
370, 370, 1, 7, 4, -999.0, 0
371, 371, 1, 7, 5, -999.0, 0
372, 372, 1, 7, 6, -999.0, 0
373, 373, 1, 7, 7, 0.0, 1
374, 374, 1, 7, 8, 9.997709, 1
375, 375, 1, 7, 9, 21.77157, 1
376, 376, 1, 7, 10, 33.52468, 1
377, 377, 1, 7, 11, 44.2631, 1
378, 378, 1, 7, 12, 53.73558, 1
379, 379, 1, 7, 13, 61.97746, 1
380, 380, 1, 7, 14, 69.11568, 1
381, 381, 1, 7, 15, 75.29556, 1
382, 382, 1, 7, 16, 80.65352, 1
383, 383, 1, 7, 17, 85.30811, 1
384, 384, 1, 7, 18, 89.35862, 1
385, 385, 1, 7, 19, 92.88674, 1
386, 386, 1, 7, 20, 95.95914, 1
387, 387, 1, 7, 21, 98.63007, 1
388, 388, 1, 7, 22, 100.9437, 1
389, 389, 1, 7, 23, 102.9359, 1
390, 390, 1, 7, 24, 104.6359, 1
391, 391, 1, 7, 25, 106.0674, 1
392, 392, 1, 7, 26, 107.2496, 1
393, 393, 1, 7, 27, 108.1977, 1
394, 394, 1, 7, 28, 108.9234, 1
395, 395, 1, 7, 29, 109.4357, 1
396, 396, 1, 7, 30, 109.7407, 1
397, 397, 1, 7, 31, 109.842, 1
398, 398, 1, 7, 32, 109.7408, 1
399, 399, 1, 7, 33, 109.4358, 1
400, 400, 1, 7, 34, 108.9235, 1
401, 401, 1, 7, 35, 108.1978, 1
402, 402, 1, 7, 36, 107.2497, 1
403, 403, 1, 7, 37, 106.0675, 1
404, 404, 1, 7, 38, 104.636, 1
405, 405, 1, 7, 39, 102.936, 1
406, 406, 1, 7, 40, 100.9438, 1
407, 407, 1, 7, 41, 98.6302, 1
408, 408, 1, 7, 42, 95.9592, 1
409, 409, 1, 7, 43, 92.88672, 1
410, 410, 1, 7, 44, 89.35853, 1
411, 411, 1, 7, 45, 85.30798, 1
412, 412, 1, 7, 46, 80.65332, 1
413, 413, 1, 7, 47, 75.29517, 1
414, 414, 1, 7, 48, 69.11524, 1
415, 415, 1, 7, 49, 61.9774, 1
416, 416, 1, 7, 50, 53.73518, 1
417, 417, 1, 7, 51, 44.26263, 1
418, 418, 1, 7, 52, 33.52418, 1
419, 419, 1, 7, 53, 21.77131, 1
420, 420, 1, 7, 54, 9.997335, 1
421, 421, 1, 7, 55, 0.0, 1
422, 422, 1, 7, 56, -999.0, 0
423, 423, 1, 7, 57, -999.0, 0
424, 424, 1, 7, 58, -999.0, 0
425, 425, 1, 7, 59, -999.0, 0
426, 426, 1, 7, 60, -999.0, 0
427, 427, 1, 7, 61, -999.0, 0
428, 428, 1, 8, 1, -999.0, 0
429, 429, 1, 8, 2, -999.0, 0
430, 430, 1, 8, 3, -999.0, 0
431, 431, 1, 8, 4, -999.0, 0
432, 432, 1, 8, 5, -999.0, 0
433, 433, 1, 8, 6, -999.0, 0
434, 434, 1, 8, 7, 0.0, 1
435, 435, 1, 8, 8, 16.6895, 1
436, 436, 1, 8, 9, 30.03118, 1
437, 437, 1, 8, 10, 41.95927, 1
438, 438, 1, 8, 11, 52.71517, 1
439, 439, 1, 8, 12, 62.31941, 1
440, 440, 1, 8, 13, 70.82214, 1
441, 441, 1, 8, 14, 78.31173, 1
442, 442, 1, 8, 15, 84.89307, 1
443, 443, 1, 8, 16, 90.67136, 1
444, 444, 1, 8, 17, 95.74362, 1
445, 445, 1, 8, 18, 100.1953, 1
446, 446, 1, 8, 19, 104.0998, 1
447, 447, 1, 8, 20, 107.519, 1
448, 448, 1, 8, 21, 110.5049, 1
449, 449, 1, 8, 22, 113.1007, 1
450, 450, 1, 8, 23, 115.3425, 1
451, 451, 1, 8, 24, 117.2601, 1
452, 452, 1, 8, 25, 118.8779, 1
453, 453, 1, 8, 26, 120.2158, 1
454, 454, 1, 8, 27, 121.29, 1
455, 455, 1, 8, 28, 122.1131, 1
456, 456, 1, 8, 29, 122.6944, 1
457, 457, 1, 8, 30, 123.0407, 1
458, 458, 1, 8, 31, 123.1557, 1
459, 459, 1, 8, 32, 123.0407, 1
460, 460, 1, 8, 33, 122.6945, 1
461, 461, 1, 8, 34, 122.1132, 1
462, 462, 1, 8, 35, 121.2902, 1
463, 463, 1, 8, 36, 120.216, 1
464, 464, 1, 8, 37, 118.878, 1
465, 465, 1, 8, 38, 117.2603, 1
466, 466, 1, 8, 39, 115.3428, 1
467, 467, 1, 8, 40, 113.101, 1
468, 468, 1, 8, 41, 110.5051, 1
469, 469, 1, 8, 42, 107.5192, 1
470, 470, 1, 8, 43, 104.0999, 1
471, 471, 1, 8, 44, 100.1953, 1
472, 472, 1, 8, 45, 95.7435, 1
473, 473, 1, 8, 46, 90.67122, 1
474, 474, 1, 8, 47, 84.89285, 1
475, 475, 1, 8, 48, 78.31133, 1
476, 476, 1, 8, 49, 70.82187, 1
477, 477, 1, 8, 50, 62.31917, 1
478, 478, 1, 8, 51, 52.71497, 1
479, 479, 1, 8, 52, 41.95882, 1
480, 480, 1, 8, 53, 30.03081, 1
481, 481, 1, 8, 54, 16.68936, 1
482, 482, 1, 8, 55, 0.0, 1
483, 483, 1, 8, 56, -999.0, 0
484, 484, 1, 8, 57, -999.0, 0
485, 485, 1, 8, 58, -999.0, 0
486, 486, 1, 8, 59, -999.0, 0
487, 487, 1, 8, 60, -999.0, 0
488, 488, 1, 8, 61, -999.0, 0
489, 489, 1, 9, 1, -999.0, 0
490, 490, 1, 9, 2, -999.0, 0
491, 491, 1, 9, 3, -999.0, 0
492, 492, 1, 9, 4, -999.0, 0
493, 493, 1, 9, 5, -999.0, 0
494, 494, 1, 9, 6, 0.0, 1
495, 495, 1, 9, 7, 11.17479, 1
496, 496, 1, 9, 8, 25.07372, 1
497, 497, 1, 9, 9, 38.09682, 1
498, 498, 1, 9, 10, 49.96436, 1
499, 499, 1, 9, 11, 60.71771, 1
500, 500, 1, 9, 12, 70.40482, 1
501, 501, 1, 9, 13, 79.08223, 1
502, 502, 1, 9, 14, 86.82089, 1
503, 503, 1, 9, 15, 93.70107, 1
504, 504, 1, 9, 16, 99.80505, 1
505, 505, 1, 9, 17, 105.2117, 1
506, 506, 1, 9, 18, 109.9931, 1
507, 507, 1, 9, 19, 114.2134, 1
508, 508, 1, 9, 20, 117.9288, 1
509, 509, 1, 9, 21, 121.1873, 1
510, 510, 1, 9, 22, 124.0303, 1
511, 511, 1, 9, 23, 126.4927, 1
512, 512, 1, 9, 24, 128.6039, 1
513, 513, 1, 9, 25, 130.3884, 1
514, 514, 1, 9, 26, 131.8665, 1
515, 515, 1, 9, 27, 133.0546, 1
516, 516, 1, 9, 28, 133.9658, 1
517, 517, 1, 9, 29, 134.6097, 1
518, 518, 1, 9, 30, 134.9934, 1
519, 519, 1, 9, 31, 135.1208, 1
520, 520, 1, 9, 32, 134.9934, 1
521, 521, 1, 9, 33, 134.6098, 1
522, 522, 1, 9, 34, 133.9658, 1
523, 523, 1, 9, 35, 133.0547, 1
524, 524, 1, 9, 36, 131.8667, 1
525, 525, 1, 9, 37, 130.3886, 1
526, 526, 1, 9, 38, 128.6042, 1
527, 527, 1, 9, 39, 126.493, 1
528, 528, 1, 9, 40, 124.0307, 1
529, 529, 1, 9, 41, 121.1877, 1
530, 530, 1, 9, 42, 117.929, 1
531, 531, 1, 9, 43, 114.2136, 1
532, 532, 1, 9, 44, 109.9931, 1
533, 533, 1, 9, 45, 105.2115, 1
534, 534, 1, 9, 46, 99.80491, 1
535, 535, 1, 9, 47, 93.70103, 1
536, 536, 1, 9, 48, 86.82075, 1
537, 537, 1, 9, 49, 79.08181, 1
538, 538, 1, 9, 50, 70.40472, 1
539, 539, 1, 9, 51, 60.71749, 1
540, 540, 1, 9, 52, 49.96421, 1
541, 541, 1, 9, 53, 38.0965, 1
542, 542, 1, 9, 54, 25.07367, 1
543, 543, 1, 9, 55, 11.17453, 1
544, 544, 1, 9, 56, 0.0, 1
545, 545, 1, 9, 57, -999.0, 0
546, 546, 1, 9, 58, -999.0, 0
547, 547, 1, 9, 59, -999.0, 0
548, 548, 1, 9, 60, -999.0, 0
549, 549, 1, 9, 61, -999.0, 0
550, 550, 1, 10, 1, -999.0, 0
551, 551, 1, 10, 2, -999.0, 0
552, 552, 1, 10, 3, -999.0, 0
553, 553, 1, 10, 4, -999.0, 0
554, 554, 1, 10, 5, -999.0, 0
555, 555, 1, 10, 6, 0.0, 1
556, 556, 1, 10, 7, 18.11901, 1
557, 557, 1, 10, 8, 32.73941, 1
558, 558, 1, 10, 9, 45.71674, 1
559, 559, 1, 10, 10, 57.48341, 1
560, 560, 1, 10, 11, 68.18743, 1
561, 561, 1, 10, 12, 77.90231, 1
562, 562, 1, 10, 13, 86.68519, 1
563, 563, 1, 10, 14, 94.59462, 1
564, 564, 1, 10, 15, 101.6934, 1
565, 565, 1, 10, 16, 108.0462, 1
566, 566, 1, 10, 17, 113.7168, 1
567, 567, 1, 10, 18, 118.7653, 1
568, 568, 1, 10, 19, 123.2469, 1
569, 569, 1, 10, 20, 127.2113, 1
570, 570, 1, 10, 21, 130.7024, 1
571, 571, 1, 10, 22, 133.7585, 1
572, 572, 1, 10, 23, 136.4127, 1
573, 573, 1, 10, 24, 138.6936, 1
574, 574, 1, 10, 25, 140.625, 1
575, 575, 1, 10, 26, 142.2272, 1
576, 576, 1, 10, 27, 143.5166, 1
577, 577, 1, 10, 28, 144.5062, 1
578, 578, 1, 10, 29, 145.2061, 1
579, 579, 1, 10, 30, 145.6233, 1
580, 580, 1, 10, 31, 145.7618, 1
581, 581, 1, 10, 32, 145.6232, 1
582, 582, 1, 10, 33, 145.2061, 1
583, 583, 1, 10, 34, 144.5062, 1
584, 584, 1, 10, 35, 143.5167, 1
585, 585, 1, 10, 36, 142.2274, 1
586, 586, 1, 10, 37, 140.6253, 1
587, 587, 1, 10, 38, 138.6939, 1
588, 588, 1, 10, 39, 136.4131, 1
589, 589, 1, 10, 40, 133.7588, 1
590, 590, 1, 10, 41, 130.7027, 1
591, 591, 1, 10, 42, 127.2116, 1
592, 592, 1, 10, 43, 123.2471, 1
593, 593, 1, 10, 44, 118.7653, 1
594, 594, 1, 10, 45, 113.7166, 1
595, 595, 1, 10, 46, 108.046, 1
596, 596, 1, 10, 47, 101.6933, 1
597, 597, 1, 10, 48, 94.59478, 1
598, 598, 1, 10, 49, 86.68512, 1
599, 599, 1, 10, 50, 77.90203, 1
600, 600, 1, 10, 51, 68.18742, 1
601, 601, 1, 10, 52, 57.48331, 1
602, 602, 1, 10, 53, 45.71669, 1
603, 603, 1, 10, 54, 32.73925, 1
604, 604, 1, 10, 55, 18.11905, 1
605, 605, 1, 10, 56, 0.0, 1
606, 606, 1, 10, 57, -999.0, 0
607, 607, 1, 10, 58, -999.0, 0
608, 608, 1, 10, 59, -999.0, 0
609, 609, 1, 10, 60, -999.0, 0
610, 610, 1, 10, 61, -999.0, 0
611, 611, 1, 11, 1, -999.0, 0
612, 612, 1, 11, 2, -999.0, 0
613, 613, 1, 11, 3, -999.0, 0
614, 614, 1, 11, 4, -999.0, 0
615, 615, 1, 11, 5, 0.0, 1
616, 616, 1, 11, 6, 12.58771, 1
617, 617, 1, 11, 7, 26.90277, 1
618, 618, 1, 11, 8, 40.43494, 1
619, 619, 1, 11, 9, 52.94476, 1
620, 620, 1, 11, 10, 64.46616, 1
621, 621, 1, 11, 11, 75.04916, 1
622, 622, 1, 11, 12, 84.73608, 1
623, 623, 1, 11, 13, 93.56733, 1
624, 624, 1, 11, 14, 101.5863, 1
625, 625, 1, 11, 15, 108.8405, 1
626, 626, 1, 11, 16, 115.38, 1
627, 627, 1, 11, 17, 121.2559, 1
628, 628, 1, 11, 18, 126.5176, 1
629, 629, 1, 11, 19, 131.2121, 1
630, 630, 1, 11, 20, 135.3828, 1
631, 631, 1, 11, 21, 139.069, 1
632, 632, 1, 11, 22, 142.3058, 1
633, 633, 1, 11, 23, 145.1242, 1
634, 634, 1, 11, 24, 147.5513, 1
635, 635, 1, 11, 25, 149.6101, 1
636, 636, 1, 11, 26, 151.3203, 1
637, 637, 1, 11, 27, 152.6981, 1
638, 638, 1, 11, 28, 153.7565, 1
639, 639, 1, 11, 29, 154.5055, 1
640, 640, 1, 11, 30, 154.9521, 1
641, 641, 1, 11, 31, 155.1005, 1
642, 642, 1, 11, 32, 154.952, 1
643, 643, 1, 11, 33, 154.5054, 1
644, 644, 1, 11, 34, 153.7565, 1
645, 645, 1, 11, 35, 152.6981, 1
646, 646, 1, 11, 36, 151.3204, 1
647, 647, 1, 11, 37, 149.6103, 1
648, 648, 1, 11, 38, 147.5515, 1
649, 649, 1, 11, 39, 145.1245, 1
650, 650, 1, 11, 40, 142.3061, 1
651, 651, 1, 11, 41, 139.0693, 1
652, 652, 1, 11, 42, 135.383, 1
653, 653, 1, 11, 43, 131.2123, 1
654, 654, 1, 11, 44, 126.5177, 1
655, 655, 1, 11, 45, 121.2559, 1
656, 656, 1, 11, 46, 115.3798, 1
657, 657, 1, 11, 47, 108.8403, 1
658, 658, 1, 11, 48, 101.5864, 1
659, 659, 1, 11, 49, 93.56769, 1
660, 660, 1, 11, 50, 84.73611, 1
661, 661, 1, 11, 51, 75.04903, 1
662, 662, 1, 11, 52, 64.46613, 1
663, 663, 1, 11, 53, 52.94496, 1
664, 664, 1, 11, 54, 40.43493, 1
665, 665, 1, 11, 55, 26.90299, 1
666, 666, 1, 11, 56, 12.58755, 1
667, 667, 1, 11, 57, 0.0, 1
668, 668, 1, 11, 58, -999.0, 0
669, 669, 1, 11, 59, -999.0, 0
670, 670, 1, 11, 60, -999.0, 0
671, 671, 1, 11, 61, -999.0, 0
672, 672, 1, 12, 1, -999.0, 0
673, 673, 1, 12, 2, -999.0, 0
674, 674, 1, 12, 3, -999.0, 0
675, 675, 1, 12, 4, 0.0, 1
676, 676, 1, 12, 5, 9.764778, 1
677, 677, 1, 12, 6, 21.9171, 1
678, 678, 1, 12, 7, 34.87741, 1
679, 679, 1, 12, 8, 47.55489, 1
680, 680, 1, 12, 9, 59.56411, 1
681, 681, 1, 12, 10, 70.79142, 1
682, 682, 1, 12, 11, 81.21214, 1
683, 683, 1, 12, 12, 90.83172, 1
684, 684, 1, 12, 13, 99.66898, 1
685, 685, 1, 12, 14, 107.7512, 1
686, 686, 1, 12, 15, 115.1118, 1
687, 687, 1, 12, 16, 121.7884, 1
688, 688, 1, 12, 17, 127.8212, 1
689, 689, 1, 12, 18, 133.2504, 1
690, 690, 1, 12, 19, 138.1155, 1
691, 691, 1, 12, 20, 142.4541, 1
692, 692, 1, 12, 21, 146.3012, 1
693, 693, 1, 12, 22, 149.6885, 1
694, 694, 1, 12, 23, 152.6447, 1
695, 695, 1, 12, 24, 155.1953, 1
696, 696, 1, 12, 25, 157.3624, 1
697, 697, 1, 12, 26, 159.1648, 1
698, 698, 1, 12, 27, 160.6184, 1
699, 699, 1, 12, 28, 161.7359, 1
700, 700, 1, 12, 29, 162.5271, 1
701, 701, 1, 12, 30, 162.999, 1
702, 702, 1, 12, 31, 163.1558, 1
703, 703, 1, 12, 32, 162.9989, 1
704, 704, 1, 12, 33, 162.527, 1
705, 705, 1, 12, 34, 161.7357, 1
706, 706, 1, 12, 35, 160.6183, 1
707, 707, 1, 12, 36, 159.1648, 1
708, 708, 1, 12, 37, 157.3624, 1
709, 709, 1, 12, 38, 155.1955, 1
710, 710, 1, 12, 39, 152.6449, 1
711, 711, 1, 12, 40, 149.6887, 1
712, 712, 1, 12, 41, 146.3014, 1
713, 713, 1, 12, 42, 142.4543, 1
714, 714, 1, 12, 43, 138.1156, 1
715, 715, 1, 12, 44, 133.2505, 1
716, 716, 1, 12, 45, 127.8213, 1
717, 717, 1, 12, 46, 121.7885, 1
718, 718, 1, 12, 47, 115.1116, 1
719, 719, 1, 12, 48, 107.7512, 1
720, 720, 1, 12, 49, 99.66933, 1
721, 721, 1, 12, 50, 90.83207, 1
722, 722, 1, 12, 51, 81.21213, 1
723, 723, 1, 12, 52, 70.79169, 1
724, 724, 1, 12, 53, 59.56434, 1
725, 725, 1, 12, 54, 47.55518, 1
726, 726, 1, 12, 55, 34.87756, 1
727, 727, 1, 12, 56, 21.91739, 1
728, 728, 1, 12, 57, 9.764546, 1
729, 729, 1, 12, 58, 0.0, 1
730, 730, 1, 12, 59, -999.0, 0
731, 731, 1, 12, 60, -999.0, 0
732, 732, 1, 12, 61, -999.0, 0
733, 733, 1, 13, 1, -999.0, 0
734, 734, 1, 13, 2, -999.0, 0
735, 735, 1, 13, 3, -999.0, 0
736, 736, 1, 13, 4, 0.0, 1
737, 737, 1, 13, 5, 15.62728, 1
738, 738, 1, 13, 6, 28.88562, 1
739, 739, 1, 13, 7, 41.55511, 1
740, 740, 1, 13, 8, 53.7539, 1
741, 741, 1, 13, 9, 65.3734, 1
742, 742, 1, 13, 10, 76.33069, 1
743, 743, 1, 13, 11, 86.58378, 1
744, 744, 1, 13, 12, 96.11768, 1
745, 745, 1, 13, 13, 104.9343, 1
746, 746, 1, 13, 14, 113.0471, 1
747, 747, 1, 13, 15, 120.4773, 1
748, 748, 1, 13, 16, 127.2522, 1
749, 749, 1, 13, 17, 133.4023, 1
750, 750, 1, 13, 18, 138.9605, 1
751, 751, 1, 13, 19, 143.9597, 1
752, 752, 1, 13, 20, 148.4322, 1
753, 753, 1, 13, 21, 152.409, 1
754, 754, 1, 13, 22, 155.9188, 1
755, 755, 1, 13, 23, 158.9881, 1
756, 756, 1, 13, 24, 161.6407, 1
757, 757, 1, 13, 25, 163.8976, 1
758, 758, 1, 13, 26, 165.7768, 1
759, 759, 1, 13, 27, 167.2937, 1
760, 760, 1, 13, 28, 168.4606, 1
761, 761, 1, 13, 29, 169.2873, 1
762, 762, 1, 13, 30, 169.7805, 1
763, 763, 1, 13, 31, 169.9444, 1
764, 764, 1, 13, 32, 169.7804, 1
765, 765, 1, 13, 33, 169.2871, 1
766, 766, 1, 13, 34, 168.4604, 1
767, 767, 1, 13, 35, 167.2935, 1
768, 768, 1, 13, 36, 165.7767, 1
769, 769, 1, 13, 37, 163.8975, 1
770, 770, 1, 13, 38, 161.6407, 1
771, 771, 1, 13, 39, 158.9882, 1
772, 772, 1, 13, 40, 155.9189, 1
773, 773, 1, 13, 41, 152.4091, 1
774, 774, 1, 13, 42, 148.4323, 1
775, 775, 1, 13, 43, 143.9597, 1
776, 776, 1, 13, 44, 138.9606, 1
777, 777, 1, 13, 45, 133.4025, 1
778, 778, 1, 13, 46, 127.2524, 1
779, 779, 1, 13, 47, 120.4775, 1
780, 780, 1, 13, 48, 113.0471, 1
781, 781, 1, 13, 49, 104.9345, 1
782, 782, 1, 13, 50, 96.11814, 1
783, 783, 1, 13, 51, 86.58415, 1
784, 784, 1, 13, 52, 76.33093, 1
785, 785, 1, 13, 53, 65.3737, 1
786, 786, 1, 13, 54, 53.75447, 1
787, 787, 1, 13, 55, 41.55544, 1
788, 788, 1, 13, 56, 28.88592, 1
789, 789, 1, 13, 57, 15.62752, 1
790, 790, 1, 13, 58, 0.0, 1
791, 791, 1, 13, 59, -999.0, 0
792, 792, 1, 13, 60, -999.0, 0
793, 793, 1, 13, 61, -999.0, 0
794, 794, 1, 14, 1, -999.0, 0
795, 795, 1, 14, 2, -999.0, 0
796, 796, 1, 14, 3, 0.0, 1
797, 797, 1, 14, 4, 9.549399, 1
798, 798, 1, 14, 5, 22.22746, 1
799, 799, 1, 14, 6, 34.85568, 1
800, 800, 1, 14, 7, 47.11924, 1
801, 801, 1, 14, 8, 58.94525, 1
802, 802, 1, 14, 9, 70.2559, 1
803, 803, 1, 14, 10, 80.98411, 1
804, 804, 1, 14, 11, 91.08418, 1
805, 805, 1, 14, 12, 100.5305, 1
806, 806, 1, 14, 13, 109.3135, 1
807, 807, 1, 14, 14, 117.4359, 1
808, 808, 1, 14, 15, 124.9093, 1
809, 809, 1, 14, 16, 131.7524, 1
810, 810, 1, 14, 17, 137.9882, 1
811, 811, 1, 14, 18, 143.6431, 1
812, 812, 1, 14, 19, 148.7447, 1
813, 813, 1, 14, 20, 153.321, 1
814, 814, 1, 14, 21, 157.3994, 1
815, 815, 1, 14, 22, 161.006, 1
816, 816, 1, 14, 23, 164.1653, 1
817, 817, 1, 14, 24, 166.8994, 1
818, 818, 1, 14, 25, 169.2283, 1
819, 819, 1, 14, 26, 171.1694, 1
820, 820, 1, 14, 27, 172.7374, 1
821, 821, 1, 14, 28, 173.9444, 1
822, 822, 1, 14, 29, 174.7998, 1
823, 823, 1, 14, 30, 175.3104, 1
824, 824, 1, 14, 31, 175.4801, 1
825, 825, 1, 14, 32, 175.3103, 1
826, 826, 1, 14, 33, 174.7997, 1
827, 827, 1, 14, 34, 173.9443, 1
828, 828, 1, 14, 35, 172.7373, 1
829, 829, 1, 14, 36, 171.1693, 1
830, 830, 1, 14, 37, 169.2282, 1
831, 831, 1, 14, 38, 166.8993, 1
832, 832, 1, 14, 39, 164.1651, 1
833, 833, 1, 14, 40, 161.0059, 1
834, 834, 1, 14, 41, 157.3994, 1
835, 835, 1, 14, 42, 153.321, 1
836, 836, 1, 14, 43, 148.7447, 1
837, 837, 1, 14, 44, 143.6432, 1
838, 838, 1, 14, 45, 137.9884, 1
839, 839, 1, 14, 46, 131.7527, 1
840, 840, 1, 14, 47, 124.9098, 1
841, 841, 1, 14, 48, 117.4362, 1
842, 842, 1, 14, 49, 109.3137, 1
843, 843, 1, 14, 50, 100.5308, 1
844, 844, 1, 14, 51, 91.08465, 1
845, 845, 1, 14, 52, 80.98438, 1
846, 846, 1, 14, 53, 70.25643, 1
847, 847, 1, 14, 54, 58.94571, 1
848, 848, 1, 14, 55, 47.1199, 1
849, 849, 1, 14, 56, 34.85616, 1
850, 850, 1, 14, 57, 22.22798, 1
851, 851, 1, 14, 58, 9.549185, 1
852, 852, 1, 14, 59, 0.0, 1
853, 853, 1, 14, 60, -999.0, 0
854, 854, 1, 14, 61, -999.0, 0
855, 855, 1, 15, 1, -999.0, 0
856, 856, 1, 15, 2, -999.0, 0
857, 857, 1, 15, 3, 0.0, 1
858, 858, 1, 15, 4, 14.47365, 1
859, 859, 1, 15, 5, 27.30344, 1
860, 860, 1, 15, 6, 39.6087, 1
861, 861, 1, 15, 7, 51.53751, 1
862, 862, 1, 15, 8, 63.06659, 1
863, 863, 1, 15, 9, 74.13382, 1
864, 864, 1, 15, 10, 84.67749, 1
865, 865, 1, 15, 11, 94.64944, 1
866, 866, 1, 15, 12, 104.0176, 1
867, 867, 1, 15, 13, 112.7644, 1
868, 868, 1, 15, 14, 120.8849, 1
869, 869, 1, 15, 15, 128.3834, 1
870, 870, 1, 15, 16, 135.272, 1
871, 871, 1, 15, 17, 141.568, 1
872, 872, 1, 15, 18, 147.2926, 1
873, 873, 1, 15, 19, 152.4692, 1
874, 874, 1, 15, 20, 157.1226, 1
875, 875, 1, 15, 21, 161.2771, 1
876, 876, 1, 15, 22, 164.9568, 1
877, 877, 1, 15, 23, 168.1843, 1
878, 878, 1, 15, 24, 170.9806, 1
879, 879, 1, 15, 25, 173.3647, 1
880, 880, 1, 15, 26, 175.3532, 1
881, 881, 1, 15, 27, 176.9605, 1
882, 882, 1, 15, 28, 178.1983, 1
883, 883, 1, 15, 29, 179.0759, 1
884, 884, 1, 15, 30, 179.5998, 1
885, 885, 1, 15, 31, 179.774, 1
886, 886, 1, 15, 32, 179.5998, 1
887, 887, 1, 15, 33, 179.0759, 1
888, 888, 1, 15, 34, 178.1982, 1
889, 889, 1, 15, 35, 176.9604, 1
890, 890, 1, 15, 36, 175.353, 1
891, 891, 1, 15, 37, 173.3644, 1
892, 892, 1, 15, 38, 170.9803, 1
893, 893, 1, 15, 39, 168.184, 1
894, 894, 1, 15, 40, 164.9565, 1
895, 895, 1, 15, 41, 161.277, 1
896, 896, 1, 15, 42, 157.1226, 1
897, 897, 1, 15, 43, 152.4694, 1
898, 898, 1, 15, 44, 147.2927, 1
899, 899, 1, 15, 45, 141.5681, 1
900, 900, 1, 15, 46, 135.2723, 1
901, 901, 1, 15, 47, 128.384, 1
902, 902, 1, 15, 48, 120.8855, 1
903, 903, 1, 15, 49, 112.7648, 1
904, 904, 1, 15, 50, 104.0177, 1
905, 905, 1, 15, 51, 94.64984, 1
906, 906, 1, 15, 52, 84.67792, 1
907, 907, 1, 15, 53, 74.13418, 1
908, 908, 1, 15, 54, 63.06725, 1
909, 909, 1, 15, 55, 51.53816, 1
910, 910, 1, 15, 56, 39.60944, 1
911, 911, 1, 15, 57, 27.30393, 1
912, 912, 1, 15, 58, 14.47389, 1
913, 913, 1, 15, 59, 0.0, 1
914, 914, 1, 15, 60, -999.0, 0
915, 915, 1, 15, 61, -999.0, 0
916, 916, 1, 16, 1, -999.0, 0
917, 917, 1, 16, 2, 0.0, 1
918, 918, 1, 16, 3, 8.018855, 1
919, 919, 1, 16, 4, 19.4283, 1
920, 920, 1, 16, 5, 31.31839, 1
921, 921, 1, 16, 6, 43.15629, 1
922, 922, 1, 16, 7, 54.77306, 1
923, 923, 1, 16, 8, 66.06567, 1
924, 924, 1, 16, 9, 76.94967, 1
925, 925, 1, 16, 10, 87.35576, 1
926, 926, 1, 16, 11, 97.23088, 1
927, 927, 1, 16, 12, 106.5378, 1
928, 928, 1, 16, 13, 115.2536, 1
929, 929, 1, 16, 14, 123.3677, 1
930, 930, 1, 16, 15, 130.8796, 1
931, 931, 1, 16, 16, 137.7967, 1
932, 932, 1, 16, 17, 144.1322, 1
933, 933, 1, 16, 18, 149.9036, 1
934, 934, 1, 16, 19, 155.1315, 1
935, 935, 1, 16, 20, 159.8378, 1
936, 936, 1, 16, 21, 164.0452, 1
937, 937, 1, 16, 22, 167.7758, 1
938, 938, 1, 16, 23, 171.0512, 1
939, 939, 1, 16, 24, 173.8912, 1
940, 940, 1, 16, 25, 176.3141, 1
941, 941, 1, 16, 26, 178.3361, 1
942, 942, 1, 16, 27, 179.9712, 1
943, 943, 1, 16, 28, 181.2309, 1
944, 944, 1, 16, 29, 182.1242, 1
945, 945, 1, 16, 30, 182.6576, 1
946, 946, 1, 16, 31, 182.8349, 1
947, 947, 1, 16, 32, 182.6576, 1
948, 948, 1, 16, 33, 182.1242, 1
949, 949, 1, 16, 34, 181.2308, 1
950, 950, 1, 16, 35, 179.9711, 1
951, 951, 1, 16, 36, 178.3359, 1
952, 952, 1, 16, 37, 176.3138, 1
953, 953, 1, 16, 38, 173.8907, 1
954, 954, 1, 16, 39, 171.0506, 1
955, 955, 1, 16, 40, 167.7753, 1
956, 956, 1, 16, 41, 164.0449, 1
957, 957, 1, 16, 42, 159.8378, 1
958, 958, 1, 16, 43, 155.1316, 1
959, 959, 1, 16, 44, 149.9039, 1
960, 960, 1, 16, 45, 144.1324, 1
961, 961, 1, 16, 46, 137.7971, 1
962, 962, 1, 16, 47, 130.8803, 1
963, 963, 1, 16, 48, 123.3685, 1
964, 964, 1, 16, 49, 115.2542, 1
965, 965, 1, 16, 50, 106.5381, 1
966, 966, 1, 16, 51, 97.2312, 1
967, 967, 1, 16, 52, 87.3563, 1
968, 968, 1, 16, 53, 76.95009, 1
969, 969, 1, 16, 54, 66.06614, 1
970, 970, 1, 16, 55, 54.77368, 1
971, 971, 1, 16, 56, 43.15708, 1
972, 972, 1, 16, 57, 31.31908, 1
973, 973, 1, 16, 58, 19.42879, 1
974, 974, 1, 16, 59, 8.018549, 1
975, 975, 1, 16, 60, 0.0, 1
976, 976, 1, 16, 61, -999.0, 0
977, 977, 1, 17, 1, -999.0, 0
978, 978, 1, 17, 2, 0.0, 1
979, 979, 1, 17, 3, 11.15708, 1
980, 980, 1, 17, 4, 22.34109, 1
981, 981, 1, 17, 5, 33.81232, 1
982, 982, 1, 17, 6, 45.34663, 1
983, 983, 1, 17, 7, 56.7521, 1
984, 984, 1, 17, 8, 67.89041, 1
985, 985, 1, 17, 9, 78.6588, 1
986, 986, 1, 17, 10, 88.97919, 1
987, 987, 1, 17, 11, 98.79378, 1
988, 988, 1, 17, 12, 108.0618, 1
989, 989, 1, 17, 13, 116.7568, 1
990, 990, 1, 17, 14, 124.8652, 1
991, 991, 1, 17, 15, 132.3833, 1
992, 992, 1, 17, 16, 139.3159, 1
993, 993, 1, 17, 17, 145.6737, 1
994, 994, 1, 17, 18, 151.4721, 1
995, 995, 1, 17, 19, 156.7297, 1
996, 996, 1, 17, 20, 161.467, 1
997, 997, 1, 17, 21, 165.7054, 1
998, 998, 1, 17, 22, 169.4661, 1
999, 999, 1, 17, 23, 172.7697, 1
1000, 1000, 1, 17, 24, 175.6357, 1
1001, 1001, 1, 17, 25, 178.0817, 1
1002, 1002, 1, 17, 26, 180.1237, 1
1003, 1003, 1, 17, 27, 181.7754, 1
1004, 1004, 1, 17, 28, 183.048, 1
1005, 1005, 1, 17, 29, 183.9507, 1
1006, 1006, 1, 17, 30, 184.4897, 1
1007, 1007, 1, 17, 31, 184.669, 1
1008, 1008, 1, 17, 32, 184.4898, 1
1009, 1009, 1, 17, 33, 183.9507, 1
1010, 1010, 1, 17, 34, 183.048, 1
1011, 1011, 1, 17, 35, 181.7752, 1
1012, 1012, 1, 17, 36, 180.1235, 1
1013, 1013, 1, 17, 37, 178.0813, 1
1014, 1014, 1, 17, 38, 175.6352, 1
1015, 1015, 1, 17, 39, 172.7691, 1
1016, 1016, 1, 17, 40, 169.4655, 1
1017, 1017, 1, 17, 41, 165.7049, 1
1018, 1018, 1, 17, 42, 161.4668, 1
1019, 1019, 1, 17, 43, 156.7298, 1
1020, 1020, 1, 17, 44, 151.4724, 1
1021, 1021, 1, 17, 45, 145.6741, 1
1022, 1022, 1, 17, 46, 139.3165, 1
1023, 1023, 1, 17, 47, 132.384, 1
1024, 1024, 1, 17, 48, 124.8661, 1
1025, 1025, 1, 17, 49, 116.7577, 1
1026, 1026, 1, 17, 50, 108.0624, 1
1027, 1027, 1, 17, 51, 98.79418, 1
1028, 1028, 1, 17, 52, 88.97963, 1
1029, 1029, 1, 17, 53, 78.65926, 1
1030, 1030, 1, 17, 54, 67.89087, 1
1031, 1031, 1, 17, 55, 56.75297, 1
1032, 1032, 1, 17, 56, 45.3472, 1
1033, 1033, 1, 17, 57, 33.81289, 1
1034, 1034, 1, 17, 58, 22.34163, 1
1035, 1035, 1, 17, 59, 11.15719, 1
1036, 1036, 1, 17, 60, 0.0, 1
1037, 1037, 1, 17, 61, -999.0, 0
1038, 1038, 1, 18, 1, 0.0, 1
1039, 1039, 1, 18, 2, 3.532777, 1
1040, 1040, 1, 18, 3, 12.69583, 1
1041, 1041, 1, 18, 4, 23.40225, 1
1042, 1042, 1, 18, 5, 34.6715, 1
1043, 1043, 1, 18, 6, 46.08941, 1
1044, 1044, 1, 18, 7, 57.41908, 1
1045, 1045, 1, 18, 8, 68.50333, 1
1046, 1046, 1, 18, 9, 79.23195, 1
1047, 1047, 1, 18, 10, 89.52319, 1
1048, 1048, 1, 18, 11, 99.31712, 1
1049, 1049, 1, 18, 12, 108.5717, 1
1050, 1050, 1, 18, 13, 117.2596, 1
1051, 1051, 1, 18, 14, 125.3657, 1
1052, 1052, 1, 18, 15, 132.8856, 1
1053, 1053, 1, 18, 16, 139.823, 1
1054, 1054, 1, 18, 17, 146.1879, 1
1055, 1055, 1, 18, 18, 151.9951, 1
1056, 1056, 1, 18, 19, 157.2626, 1
1057, 1057, 1, 18, 20, 162.0101, 1
1058, 1058, 1, 18, 21, 166.2587, 1
1059, 1059, 1, 18, 22, 170.0293, 1
1060, 1060, 1, 18, 23, 173.3423, 1
1061, 1061, 1, 18, 24, 176.2169, 1
1062, 1062, 1, 18, 25, 178.6707, 1
1063, 1063, 1, 18, 26, 180.7193, 1
1064, 1064, 1, 18, 27, 182.3764, 1
1065, 1065, 1, 18, 28, 183.6534, 1
1066, 1066, 1, 18, 29, 184.5591, 1
1067, 1067, 1, 18, 30, 185.1, 1
1068, 1068, 1, 18, 31, 185.2799, 1
1069, 1069, 1, 18, 32, 185.1001, 1
1070, 1070, 1, 18, 33, 184.5592, 1
1071, 1071, 1, 18, 34, 183.6534, 1
1072, 1072, 1, 18, 35, 182.3763, 1
1073, 1073, 1, 18, 36, 180.719, 1
1074, 1074, 1, 18, 37, 178.6702, 1
1075, 1075, 1, 18, 38, 176.2164, 1
1076, 1076, 1, 18, 39, 173.3418, 1
1077, 1077, 1, 18, 40, 170.0288, 1
1078, 1078, 1, 18, 41, 166.2582, 1
1079, 1079, 1, 18, 42, 162.0098, 1
1080, 1080, 1, 18, 43, 157.2625, 1
1081, 1081, 1, 18, 44, 151.9955, 1
1082, 1082, 1, 18, 45, 146.1886, 1
1083, 1083, 1, 18, 46, 139.8238, 1
1084, 1084, 1, 18, 47, 132.8864, 1
1085, 1085, 1, 18, 48, 125.3665, 1
1086, 1086, 1, 18, 49, 117.2605, 1
1087, 1087, 1, 18, 50, 108.5726, 1
1088, 1088, 1, 18, 51, 99.31773, 1
1089, 1089, 1, 18, 52, 89.52357, 1
1090, 1090, 1, 18, 53, 79.23251, 1
1091, 1091, 1, 18, 54, 68.50402, 1
1092, 1092, 1, 18, 55, 57.41975, 1
1093, 1093, 1, 18, 56, 46.09024, 1
1094, 1094, 1, 18, 57, 34.67202, 1
1095, 1095, 1, 18, 58, 23.40248, 1
1096, 1096, 1, 18, 59, 12.69613, 1
1097, 1097, 1, 18, 60, 3.532115, 1
1098, 1098, 1, 18, 61, 0.0, 1
1099, 1099, 1, 19, 1, -999.0, 0
1100, 1100, 1, 19, 2, 0.0, 1
1101, 1101, 1, 19, 3, 11.15702, 1
1102, 1102, 1, 19, 4, 22.34138, 1
1103, 1103, 1, 19, 5, 33.81213, 1
1104, 1104, 1, 19, 6, 45.34658, 1
1105, 1105, 1, 19, 7, 56.75227, 1
1106, 1106, 1, 19, 8, 67.89046, 1
1107, 1107, 1, 19, 9, 78.65878, 1
1108, 1108, 1, 19, 10, 88.97932, 1
1109, 1109, 1, 19, 11, 98.79386, 1
1110, 1110, 1, 19, 12, 108.0617, 1
1111, 1111, 1, 19, 13, 116.7569, 1
1112, 1112, 1, 19, 14, 124.8653, 1
1113, 1113, 1, 19, 15, 132.3834, 1
1114, 1114, 1, 19, 16, 139.3158, 1
1115, 1115, 1, 19, 17, 145.6734, 1
1116, 1116, 1, 19, 18, 151.4719, 1
1117, 1117, 1, 19, 19, 156.7296, 1
1118, 1118, 1, 19, 20, 161.467, 1
1119, 1119, 1, 19, 21, 165.7054, 1
1120, 1120, 1, 19, 22, 169.4661, 1
1121, 1121, 1, 19, 23, 172.7698, 1
1122, 1122, 1, 19, 24, 175.6358, 1
1123, 1123, 1, 19, 25, 178.0819, 1
1124, 1124, 1, 19, 26, 180.1239, 1
1125, 1125, 1, 19, 27, 181.7755, 1
1126, 1126, 1, 19, 28, 183.0481, 1
1127, 1127, 1, 19, 29, 183.9507, 1
1128, 1128, 1, 19, 30, 184.4897, 1
1129, 1129, 1, 19, 31, 184.669, 1
1130, 1130, 1, 19, 32, 184.4898, 1
1131, 1131, 1, 19, 33, 183.9508, 1
1132, 1132, 1, 19, 34, 183.0481, 1
1133, 1133, 1, 19, 35, 181.7754, 1
1134, 1134, 1, 19, 36, 180.1236, 1
1135, 1135, 1, 19, 37, 178.0815, 1
1136, 1136, 1, 19, 38, 175.6353, 1
1137, 1137, 1, 19, 39, 172.7693, 1
1138, 1138, 1, 19, 40, 169.4656, 1
1139, 1139, 1, 19, 41, 165.7049, 1
1140, 1140, 1, 19, 42, 161.4667, 1
1141, 1141, 1, 19, 43, 156.7295, 1
1142, 1142, 1, 19, 44, 151.4722, 1
1143, 1143, 1, 19, 45, 145.6742, 1
1144, 1144, 1, 19, 46, 139.3167, 1
1145, 1145, 1, 19, 47, 132.3842, 1
1146, 1146, 1, 19, 48, 124.8661, 1
1147, 1147, 1, 19, 49, 116.7578, 1
1148, 1148, 1, 19, 50, 108.0627, 1
1149, 1149, 1, 19, 51, 98.79463, 1
1150, 1150, 1, 19, 52, 88.97979, 1
1151, 1151, 1, 19, 53, 78.65944, 1
1152, 1152, 1, 19, 54, 67.8913, 1
1153, 1153, 1, 19, 55, 56.75286, 1
1154, 1154, 1, 19, 56, 45.34751, 1
1155, 1155, 1, 19, 57, 33.81269, 1
1156, 1156, 1, 19, 58, 22.34161, 1
1157, 1157, 1, 19, 59, 11.15691, 1
1158, 1158, 1, 19, 60, 0.0, 1
1159, 1159, 1, 19, 61, -999.0, 0
1160, 1160, 1, 20, 1, -999.0, 0
1161, 1161, 1, 20, 2, 0.0, 1
1162, 1162, 1, 20, 3, 8.018599, 1
1163, 1163, 1, 20, 4, 19.42822, 1
1164, 1164, 1, 20, 5, 31.31865, 1
1165, 1165, 1, 20, 6, 43.15641, 1
1166, 1166, 1, 20, 7, 54.77297, 1
1167, 1167, 1, 20, 8, 66.06584, 1
1168, 1168, 1, 20, 9, 76.94971, 1
1169, 1169, 1, 20, 10, 87.35593, 1
1170, 1170, 1, 20, 11, 97.23108, 1
1171, 1171, 1, 20, 12, 106.5378, 1
1172, 1172, 1, 20, 13, 115.2536, 1
1173, 1173, 1, 20, 14, 123.3678, 1
1174, 1174, 1, 20, 15, 130.8797, 1
1175, 1175, 1, 20, 16, 137.7965, 1
1176, 1176, 1, 20, 17, 144.1318, 1
1177, 1177, 1, 20, 18, 149.9033, 1
1178, 1178, 1, 20, 19, 155.1313, 1
1179, 1179, 1, 20, 20, 159.8378, 1
1180, 1180, 1, 20, 21, 164.0452, 1
1181, 1181, 1, 20, 22, 167.7759, 1
1182, 1182, 1, 20, 23, 171.0513, 1
1183, 1183, 1, 20, 24, 173.8914, 1
1184, 1184, 1, 20, 25, 176.3144, 1
1185, 1185, 1, 20, 26, 178.3365, 1
1186, 1186, 1, 20, 27, 179.9715, 1
1187, 1187, 1, 20, 28, 181.231, 1
1188, 1188, 1, 20, 29, 182.1242, 1
1189, 1189, 1, 20, 30, 182.6575, 1
1190, 1190, 1, 20, 31, 182.8348, 1
1191, 1191, 1, 20, 32, 182.6575, 1
1192, 1192, 1, 20, 33, 182.1242, 1
1193, 1193, 1, 20, 34, 181.231, 1
1194, 1194, 1, 20, 35, 179.9713, 1
1195, 1195, 1, 20, 36, 178.3362, 1
1196, 1196, 1, 20, 37, 176.314, 1
1197, 1197, 1, 20, 38, 173.891, 1
1198, 1198, 1, 20, 39, 171.0509, 1
1199, 1199, 1, 20, 40, 167.7755, 1
1200, 1200, 1, 20, 41, 164.0448, 1
1201, 1201, 1, 20, 42, 159.8375, 1
1202, 1202, 1, 20, 43, 155.1313, 1
1203, 1203, 1, 20, 44, 149.9037, 1
1204, 1204, 1, 20, 45, 144.1325, 1
1205, 1205, 1, 20, 46, 137.7974, 1
1206, 1206, 1, 20, 47, 130.8805, 1
1207, 1207, 1, 20, 48, 123.3687, 1
1208, 1208, 1, 20, 49, 115.2545, 1
1209, 1209, 1, 20, 50, 106.5388, 1
1210, 1210, 1, 20, 51, 97.23183, 1
1211, 1211, 1, 20, 52, 87.35658, 1
1212, 1212, 1, 20, 53, 76.95044, 1
1213, 1213, 1, 20, 54, 66.06667, 1
1214, 1214, 1, 20, 55, 54.77405, 1
1215, 1215, 1, 20, 56, 43.15706, 1
1216, 1216, 1, 20, 57, 31.31889, 1
1217, 1217, 1, 20, 58, 19.42865, 1
1218, 1218, 1, 20, 59, 8.018581, 1
1219, 1219, 1, 20, 60, 0.0, 1
1220, 1220, 1, 20, 61, -999.0, 0
1221, 1221, 1, 21, 1, -999.0, 0
1222, 1222, 1, 21, 2, -999.0, 0
1223, 1223, 1, 21, 3, 0.0, 1
1224, 1224, 1, 21, 4, 14.47352, 1
1225, 1225, 1, 21, 5, 27.30352, 1
1226, 1226, 1, 21, 6, 39.60868, 1
1227, 1227, 1, 21, 7, 51.53766, 1
1228, 1228, 1, 21, 8, 63.06692, 1
1229, 1229, 1, 21, 9, 74.13397, 1
1230, 1230, 1, 21, 10, 84.67755, 1
1231, 1231, 1, 21, 11, 94.6497, 1
1232, 1232, 1, 21, 12, 104.0178, 1
1233, 1233, 1, 21, 13, 112.7645, 1
1234, 1234, 1, 21, 14, 120.8849, 1
1235, 1235, 1, 21, 15, 128.3834, 1
1236, 1236, 1, 21, 16, 135.2719, 1
1237, 1237, 1, 21, 17, 141.5677, 1
1238, 1238, 1, 21, 18, 147.2922, 1
1239, 1239, 1, 21, 19, 152.4689, 1
1240, 1240, 1, 21, 20, 157.1224, 1
1241, 1241, 1, 21, 21, 161.2771, 1
1242, 1242, 1, 21, 22, 164.9569, 1
1243, 1243, 1, 21, 23, 168.1845, 1
1244, 1244, 1, 21, 24, 170.9809, 1
1245, 1245, 1, 21, 25, 173.3651, 1
1246, 1246, 1, 21, 26, 175.3536, 1
1247, 1247, 1, 21, 27, 176.9609, 1
1248, 1248, 1, 21, 28, 178.1986, 1
1249, 1249, 1, 21, 29, 179.076, 1
1250, 1250, 1, 21, 30, 179.5998, 1
1251, 1251, 1, 21, 31, 179.7739, 1
1252, 1252, 1, 21, 32, 179.5998, 1
1253, 1253, 1, 21, 33, 179.0759, 1
1254, 1254, 1, 21, 34, 178.1984, 1
1255, 1255, 1, 21, 35, 176.9607, 1
1256, 1256, 1, 21, 36, 175.3534, 1
1257, 1257, 1, 21, 37, 173.3648, 1
1258, 1258, 1, 21, 38, 170.9807, 1
1259, 1259, 1, 21, 39, 168.1843, 1
1260, 1260, 1, 21, 40, 164.9567, 1
1261, 1261, 1, 21, 41, 161.277, 1
1262, 1262, 1, 21, 42, 157.1224, 1
1263, 1263, 1, 21, 43, 152.4691, 1
1264, 1264, 1, 21, 44, 147.2926, 1
1265, 1265, 1, 21, 45, 141.5682, 1
1266, 1266, 1, 21, 46, 135.2725, 1
1267, 1267, 1, 21, 47, 128.3842, 1
1268, 1268, 1, 21, 48, 120.8859, 1
1269, 1269, 1, 21, 49, 112.7655, 1
1270, 1270, 1, 21, 50, 104.0185, 1
1271, 1271, 1, 21, 51, 94.65041, 1
1272, 1272, 1, 21, 52, 84.67844, 1
1273, 1273, 1, 21, 53, 74.13475, 1
1274, 1274, 1, 21, 54, 63.06764, 1
1275, 1275, 1, 21, 55, 51.53858, 1
1276, 1276, 1, 21, 56, 39.60944, 1
1277, 1277, 1, 21, 57, 27.30421, 1
1278, 1278, 1, 21, 58, 14.47344, 1
1279, 1279, 1, 21, 59, 0.0, 1
1280, 1280, 1, 21, 60, -999.0, 0
1281, 1281, 1, 21, 61, -999.0, 0
1282, 1282, 1, 22, 1, -999.0, 0
1283, 1283, 1, 22, 2, -999.0, 0
1284, 1284, 1, 22, 3, 0.0, 1
1285, 1285, 1, 22, 4, 9.549094, 1
1286, 1286, 1, 22, 5, 22.22733, 1
1287, 1287, 1, 22, 6, 34.85578, 1
1288, 1288, 1, 22, 7, 47.11945, 1
1289, 1289, 1, 22, 8, 58.94529, 1
1290, 1290, 1, 22, 9, 70.25623, 1
1291, 1291, 1, 22, 10, 80.98421, 1
1292, 1292, 1, 22, 11, 91.0844, 1
1293, 1293, 1, 22, 12, 100.5309, 1
1294, 1294, 1, 22, 13, 109.3137, 1
1295, 1295, 1, 22, 14, 117.4359, 1
1296, 1296, 1, 22, 15, 124.9093, 1
1297, 1297, 1, 22, 16, 131.7523, 1
1298, 1298, 1, 22, 17, 137.9881, 1
1299, 1299, 1, 22, 18, 143.6428, 1
1300, 1300, 1, 22, 19, 148.7443, 1
1301, 1301, 1, 22, 20, 153.3207, 1
1302, 1302, 1, 22, 21, 157.3993, 1
1303, 1303, 1, 22, 22, 161.0061, 1
1304, 1304, 1, 22, 23, 164.1655, 1
1305, 1305, 1, 22, 24, 166.8998, 1
1306, 1306, 1, 22, 25, 169.2288, 1
1307, 1307, 1, 22, 26, 171.1699, 1
1308, 1308, 1, 22, 27, 172.7379, 1
1309, 1309, 1, 22, 28, 173.9447, 1
1310, 1310, 1, 22, 29, 174.8, 1
1311, 1311, 1, 22, 30, 175.3104, 1
1312, 1312, 1, 22, 31, 175.4801, 1
1313, 1313, 1, 22, 32, 175.3103, 1
1314, 1314, 1, 22, 33, 174.7998, 1
1315, 1315, 1, 22, 34, 173.9445, 1
1316, 1316, 1, 22, 35, 172.7376, 1
1317, 1317, 1, 22, 36, 171.1697, 1
1318, 1318, 1, 22, 37, 169.2286, 1
1319, 1319, 1, 22, 38, 166.8997, 1
1320, 1320, 1, 22, 39, 164.1655, 1
1321, 1321, 1, 22, 40, 161.0061, 1
1322, 1322, 1, 22, 41, 157.3994, 1
1323, 1323, 1, 22, 42, 153.321, 1
1324, 1324, 1, 22, 43, 148.7447, 1
1325, 1325, 1, 22, 44, 143.6432, 1
1326, 1326, 1, 22, 45, 137.9884, 1
1327, 1327, 1, 22, 46, 131.7528, 1
1328, 1328, 1, 22, 47, 124.91, 1
1329, 1329, 1, 22, 48, 117.4369, 1
1330, 1330, 1, 22, 49, 109.3146, 1
1331, 1331, 1, 22, 50, 100.5315, 1
1332, 1332, 1, 22, 51, 91.08513, 1
1333, 1333, 1, 22, 52, 80.98509, 1
1334, 1334, 1, 22, 53, 70.25695, 1
1335, 1335, 1, 22, 54, 58.94636, 1
1336, 1336, 1, 22, 55, 47.12036, 1
1337, 1337, 1, 22, 56, 34.85638, 1
1338, 1338, 1, 22, 57, 22.22752, 1
1339, 1339, 1, 22, 58, 9.549196, 1
1340, 1340, 1, 22, 59, 0.0, 1
1341, 1341, 1, 22, 60, -999.0, 0
1342, 1342, 1, 22, 61, -999.0, 0
1343, 1343, 1, 23, 1, -999.0, 0
1344, 1344, 1, 23, 2, -999.0, 0
1345, 1345, 1, 23, 3, -999.0, 0
1346, 1346, 1, 23, 4, 0.0, 1
1347, 1347, 1, 23, 5, 15.62709, 1
1348, 1348, 1, 23, 6, 28.8856, 1
1349, 1349, 1, 23, 7, 41.55508, 1
1350, 1350, 1, 23, 8, 53.75407, 1
1351, 1351, 1, 23, 9, 65.37355, 1
1352, 1352, 1, 23, 10, 76.33102, 1
1353, 1353, 1, 23, 11, 86.58395, 1
1354, 1354, 1, 23, 12, 96.11806, 1
1355, 1355, 1, 23, 13, 104.9346, 1
1356, 1356, 1, 23, 14, 113.0471, 1
1357, 1357, 1, 23, 15, 120.4772, 1
1358, 1358, 1, 23, 16, 127.2521, 1
1359, 1359, 1, 23, 17, 133.4024, 1
1360, 1360, 1, 23, 18, 138.9604, 1
1361, 1361, 1, 23, 19, 143.9594, 1
1362, 1362, 1, 23, 20, 148.4319, 1
1363, 1363, 1, 23, 21, 152.4088, 1
1364, 1364, 1, 23, 22, 155.9189, 1
1365, 1365, 1, 23, 23, 158.9884, 1
1366, 1366, 1, 23, 24, 161.6411, 1
1367, 1367, 1, 23, 25, 163.898, 1
1368, 1368, 1, 23, 26, 165.7772, 1
1369, 1369, 1, 23, 27, 167.2941, 1
1370, 1370, 1, 23, 28, 168.461, 1
1371, 1371, 1, 23, 29, 169.2876, 1
1372, 1372, 1, 23, 30, 169.7807, 1
1373, 1373, 1, 23, 31, 169.9446, 1
1374, 1374, 1, 23, 32, 169.7806, 1
1375, 1375, 1, 23, 33, 169.2873, 1
1376, 1376, 1, 23, 34, 168.4607, 1
1377, 1377, 1, 23, 35, 167.2939, 1
1378, 1378, 1, 23, 36, 165.7771, 1
1379, 1379, 1, 23, 37, 163.898, 1
1380, 1380, 1, 23, 38, 161.6412, 1
1381, 1381, 1, 23, 39, 158.9885, 1
1382, 1382, 1, 23, 40, 155.9192, 1
1383, 1383, 1, 23, 41, 152.4093, 1
1384, 1384, 1, 23, 42, 148.4325, 1
1385, 1385, 1, 23, 43, 143.9599, 1
1386, 1386, 1, 23, 44, 138.9608, 1
1387, 1387, 1, 23, 45, 133.4026, 1
1388, 1388, 1, 23, 46, 127.2525, 1
1389, 1389, 1, 23, 47, 120.4779, 1
1390, 1390, 1, 23, 48, 113.0479, 1
1391, 1391, 1, 23, 49, 104.9354, 1
1392, 1392, 1, 23, 50, 96.11872, 1
1393, 1393, 1, 23, 51, 86.58472, 1
1394, 1394, 1, 23, 52, 76.33163, 1
1395, 1395, 1, 23, 53, 65.37445, 1
1396, 1396, 1, 23, 54, 53.75496, 1
1397, 1397, 1, 23, 55, 41.55597, 1
1398, 1398, 1, 23, 56, 28.88609, 1
1399, 1399, 1, 23, 57, 15.62716, 1
1400, 1400, 1, 23, 58, 0.0, 1
1401, 1401, 1, 23, 59, -999.0, 0
1402, 1402, 1, 23, 60, -999.0, 0
1403, 1403, 1, 23, 61, -999.0, 0
1404, 1404, 1, 24, 1, -999.0, 0
1405, 1405, 1, 24, 2, -999.0, 0
1406, 1406, 1, 24, 3, -999.0, 0
1407, 1407, 1, 24, 4, 0.0, 1
1408, 1408, 1, 24, 5, 9.764428, 1
1409, 1409, 1, 24, 6, 21.91694, 1
1410, 1410, 1, 24, 7, 34.87746, 1
1411, 1411, 1, 24, 8, 47.55483, 1
1412, 1412, 1, 24, 9, 59.56425, 1
1413, 1413, 1, 24, 10, 70.79179, 1
1414, 1414, 1, 24, 11, 81.21221, 1
1415, 1415, 1, 24, 12, 90.83189, 1
1416, 1416, 1, 24, 13, 99.66933, 1
1417, 1417, 1, 24, 14, 107.7513, 1
1418, 1418, 1, 24, 15, 115.1116, 1
1419, 1419, 1, 24, 16, 121.7883, 1
1420, 1420, 1, 24, 17, 127.8212, 1
1421, 1421, 1, 24, 18, 133.2504, 1
1422, 1422, 1, 24, 19, 138.1154, 1
1423, 1423, 1, 24, 20, 142.454, 1
1424, 1424, 1, 24, 21, 146.301, 1
1425, 1425, 1, 24, 22, 149.6885, 1
1426, 1426, 1, 24, 23, 152.6449, 1
1427, 1427, 1, 24, 24, 155.1956, 1
1428, 1428, 1, 24, 25, 157.3628, 1
1429, 1429, 1, 24, 26, 159.1652, 1
1430, 1430, 1, 24, 27, 160.6188, 1
1431, 1431, 1, 24, 28, 161.7363, 1
1432, 1432, 1, 24, 29, 162.5276, 1
1433, 1433, 1, 24, 30, 162.9995, 1
1434, 1434, 1, 24, 31, 163.1562, 1
1435, 1435, 1, 24, 32, 162.9993, 1
1436, 1436, 1, 24, 33, 162.5272, 1
1437, 1437, 1, 24, 34, 161.736, 1
1438, 1438, 1, 24, 35, 160.6186, 1
1439, 1439, 1, 24, 36, 159.1652, 1
1440, 1440, 1, 24, 37, 157.3629, 1
1441, 1441, 1, 24, 38, 155.1959, 1
1442, 1442, 1, 24, 39, 152.6453, 1
1443, 1443, 1, 24, 40, 149.689, 1
1444, 1444, 1, 24, 41, 146.3017, 1
1445, 1445, 1, 24, 42, 142.4547, 1
1446, 1446, 1, 24, 43, 138.116, 1
1447, 1447, 1, 24, 44, 133.2508, 1
1448, 1448, 1, 24, 45, 127.8216, 1
1449, 1449, 1, 24, 46, 121.7888, 1
1450, 1450, 1, 24, 47, 115.1122, 1
1451, 1451, 1, 24, 48, 107.7518, 1
1452, 1452, 1, 24, 49, 99.66985, 1
1453, 1453, 1, 24, 50, 90.83266, 1
1454, 1454, 1, 24, 51, 81.21298, 1
1455, 1455, 1, 24, 52, 70.79222, 1
1456, 1456, 1, 24, 53, 59.56503, 1
1457, 1457, 1, 24, 54, 47.55581, 1
1458, 1458, 1, 24, 55, 34.87797, 1
1459, 1459, 1, 24, 56, 21.91692, 1
1460, 1460, 1, 24, 57, 9.764514, 1
1461, 1461, 1, 24, 58, 0.0, 1
1462, 1462, 1, 24, 59, -999.0, 0
1463, 1463, 1, 24, 60, -999.0, 0
1464, 1464, 1, 24, 61, -999.0, 0
1465, 1465, 1, 25, 1, -999.0, 0
1466, 1466, 1, 25, 2, -999.0, 0
1467, 1467, 1, 25, 3, -999.0, 0
1468, 1468, 1, 25, 4, -999.0, 0
1469, 1469, 1, 25, 5, 0.0, 1
1470, 1470, 1, 25, 6, 12.58739, 1
1471, 1471, 1, 25, 7, 26.9027, 1
1472, 1472, 1, 25, 8, 40.43499, 1
1473, 1473, 1, 25, 9, 52.94482, 1
1474, 1474, 1, 25, 10, 64.46612, 1
1475, 1475, 1, 25, 11, 75.04934, 1
1476, 1476, 1, 25, 12, 84.73609, 1
1477, 1477, 1, 25, 13, 93.56754, 1
1478, 1478, 1, 25, 14, 101.5866, 1
1479, 1479, 1, 25, 15, 108.8405, 1
1480, 1480, 1, 25, 16, 115.3799, 1
1481, 1481, 1, 25, 17, 121.2559, 1
1482, 1482, 1, 25, 18, 126.5178, 1
1483, 1483, 1, 25, 19, 131.2123, 1
1484, 1484, 1, 25, 20, 135.3828, 1
1485, 1485, 1, 25, 21, 139.069, 1
1486, 1486, 1, 25, 22, 142.3058, 1
1487, 1487, 1, 25, 23, 145.1244, 1
1488, 1488, 1, 25, 24, 147.5515, 1
1489, 1489, 1, 25, 25, 149.6104, 1
1490, 1490, 1, 25, 26, 151.3207, 1
1491, 1491, 1, 25, 27, 152.6986, 1
1492, 1492, 1, 25, 28, 153.757, 1
1493, 1493, 1, 25, 29, 154.5061, 1
1494, 1494, 1, 25, 30, 154.9527, 1
1495, 1495, 1, 25, 31, 155.101, 1
1496, 1496, 1, 25, 32, 154.9525, 1
1497, 1497, 1, 25, 33, 154.5059, 1
1498, 1498, 1, 25, 34, 153.7568, 1
1499, 1499, 1, 25, 35, 152.6984, 1
1500, 1500, 1, 25, 36, 151.3207, 1
1501, 1501, 1, 25, 37, 149.6106, 1
1502, 1502, 1, 25, 38, 147.5519, 1
1503, 1503, 1, 25, 39, 145.125, 1
1504, 1504, 1, 25, 40, 142.3066, 1
1505, 1505, 1, 25, 41, 139.0697, 1
1506, 1506, 1, 25, 42, 135.3835, 1
1507, 1507, 1, 25, 43, 131.2128, 1
1508, 1508, 1, 25, 44, 126.5182, 1
1509, 1509, 1, 25, 45, 121.2564, 1
1510, 1510, 1, 25, 46, 115.3805, 1
1511, 1511, 1, 25, 47, 108.8409, 1
1512, 1512, 1, 25, 48, 101.5868, 1
1513, 1513, 1, 25, 49, 93.56801, 1
1514, 1514, 1, 25, 50, 84.73684, 1
1515, 1515, 1, 25, 51, 75.04984, 1
1516, 1516, 1, 25, 52, 64.46677, 1
1517, 1517, 1, 25, 53, 52.94547, 1
1518, 1518, 1, 25, 54, 40.43555, 1
1519, 1519, 1, 25, 55, 26.90298, 1
1520, 1520, 1, 25, 56, 12.5874, 1
1521, 1521, 1, 25, 57, 0.0, 1
1522, 1522, 1, 25, 58, -999.0, 0
1523, 1523, 1, 25, 59, -999.0, 0
1524, 1524, 1, 25, 60, -999.0, 0
1525, 1525, 1, 25, 61, -999.0, 0
1526, 1526, 1, 26, 1, -999.0, 0
1527, 1527, 1, 26, 2, -999.0, 0
1528, 1528, 1, 26, 3, -999.0, 0
1529, 1529, 1, 26, 4, -999.0, 0
1530, 1530, 1, 26, 5, -999.0, 0
1531, 1531, 1, 26, 6, 0.0, 1
1532, 1532, 1, 26, 7, 18.11882, 1
1533, 1533, 1, 26, 8, 32.73937, 1
1534, 1534, 1, 26, 9, 45.71657, 1
1535, 1535, 1, 26, 10, 57.48335, 1
1536, 1536, 1, 26, 11, 68.18764, 1
1537, 1537, 1, 26, 12, 77.90227, 1
1538, 1538, 1, 26, 13, 86.68507, 1
1539, 1539, 1, 26, 14, 94.59489, 1
1540, 1540, 1, 26, 15, 101.6937, 1
1541, 1541, 1, 26, 16, 108.0463, 1
1542, 1542, 1, 26, 17, 113.7168, 1
1543, 1543, 1, 26, 18, 118.7655, 1
1544, 1544, 1, 26, 19, 123.2472, 1
1545, 1545, 1, 26, 20, 127.2116, 1
1546, 1546, 1, 26, 21, 130.7025, 1
1547, 1547, 1, 26, 22, 133.7585, 1
1548, 1548, 1, 26, 23, 136.4128, 1
1549, 1549, 1, 26, 24, 138.6937, 1
1550, 1550, 1, 26, 25, 140.6253, 1
1551, 1551, 1, 26, 26, 142.2276, 1
1552, 1552, 1, 26, 27, 143.517, 1
1553, 1553, 1, 26, 28, 144.5068, 1
1554, 1554, 1, 26, 29, 145.2067, 1
1555, 1555, 1, 26, 30, 145.624, 1
1556, 1556, 1, 26, 31, 145.7625, 1
1557, 1557, 1, 26, 32, 145.6239, 1
1558, 1558, 1, 26, 33, 145.2066, 1
1559, 1559, 1, 26, 34, 144.5067, 1
1560, 1560, 1, 26, 35, 143.517, 1
1561, 1561, 1, 26, 36, 142.2277, 1
1562, 1562, 1, 26, 37, 140.6256, 1
1563, 1563, 1, 26, 38, 138.6943, 1
1564, 1564, 1, 26, 39, 136.4135, 1
1565, 1565, 1, 26, 40, 133.7594, 1
1566, 1566, 1, 26, 41, 130.7033, 1
1567, 1567, 1, 26, 42, 127.2122, 1
1568, 1568, 1, 26, 43, 123.2477, 1
1569, 1569, 1, 26, 44, 118.766, 1
1570, 1570, 1, 26, 45, 113.7175, 1
1571, 1571, 1, 26, 46, 108.0468, 1
1572, 1572, 1, 26, 47, 101.6939, 1
1573, 1573, 1, 26, 48, 94.59508, 1
1574, 1574, 1, 26, 49, 86.68568, 1
1575, 1575, 1, 26, 50, 77.90281, 1
1576, 1576, 1, 26, 51, 68.18784, 1
1577, 1577, 1, 26, 52, 57.48377, 1
1578, 1578, 1, 26, 53, 45.71722, 1
1579, 1579, 1, 26, 54, 32.73973, 1
1580, 1580, 1, 26, 55, 18.11851, 1
1581, 1581, 1, 26, 56, 0.0, 1
1582, 1582, 1, 26, 57, -999.0, 0
1583, 1583, 1, 26, 58, -999.0, 0
1584, 1584, 1, 26, 59, -999.0, 0
1585, 1585, 1, 26, 60, -999.0, 0
1586, 1586, 1, 26, 61, -999.0, 0
1587, 1587, 1, 27, 1, -999.0, 0
1588, 1588, 1, 27, 2, -999.0, 0
1589, 1589, 1, 27, 3, -999.0, 0
1590, 1590, 1, 27, 4, -999.0, 0
1591, 1591, 1, 27, 5, -999.0, 0
1592, 1592, 1, 27, 6, 0.0, 1
1593, 1593, 1, 27, 7, 11.17443, 1
1594, 1594, 1, 27, 8, 25.07356, 1
1595, 1595, 1, 27, 9, 38.09674, 1
1596, 1596, 1, 27, 10, 49.96424, 1
1597, 1597, 1, 27, 11, 60.71751, 1
1598, 1598, 1, 27, 12, 70.40492, 1
1599, 1599, 1, 27, 13, 79.08199, 1
1600, 1600, 1, 27, 14, 86.82086, 1
1601, 1601, 1, 27, 15, 93.70143, 1
1602, 1602, 1, 27, 16, 99.8054, 1
1603, 1603, 1, 27, 17, 105.2118, 1
1604, 1604, 1, 27, 18, 109.9933, 1
1605, 1605, 1, 27, 19, 114.2138, 1
1606, 1606, 1, 27, 20, 117.9291, 1
1607, 1607, 1, 27, 21, 121.1876, 1
1608, 1608, 1, 27, 22, 124.0305, 1
1609, 1609, 1, 27, 23, 126.4928, 1
1610, 1610, 1, 27, 24, 128.604, 1
1611, 1611, 1, 27, 25, 130.3886, 1
1612, 1612, 1, 27, 26, 131.8668, 1
1613, 1613, 1, 27, 27, 133.055, 1
1614, 1614, 1, 27, 28, 133.9662, 1
1615, 1615, 1, 27, 29, 134.6103, 1
1616, 1616, 1, 27, 30, 134.9941, 1
1617, 1617, 1, 27, 31, 135.1216, 1
1618, 1618, 1, 27, 32, 134.9941, 1
1619, 1619, 1, 27, 33, 134.6104, 1
1620, 1620, 1, 27, 34, 133.9663, 1
1621, 1621, 1, 27, 35, 133.0552, 1
1622, 1622, 1, 27, 36, 131.867, 1
1623, 1623, 1, 27, 37, 130.389, 1
1624, 1624, 1, 27, 38, 128.6046, 1
1625, 1625, 1, 27, 39, 126.4935, 1
1626, 1626, 1, 27, 40, 124.0312, 1
1627, 1627, 1, 27, 41, 121.1883, 1
1628, 1628, 1, 27, 42, 117.9297, 1
1629, 1629, 1, 27, 43, 114.2143, 1
1630, 1630, 1, 27, 44, 109.9939, 1
1631, 1631, 1, 27, 45, 105.2124, 1
1632, 1632, 1, 27, 46, 99.80568, 1
1633, 1633, 1, 27, 47, 93.70156, 1
1634, 1634, 1, 27, 48, 86.82125, 1
1635, 1635, 1, 27, 49, 79.0825, 1
1636, 1636, 1, 27, 50, 70.40499, 1
1637, 1637, 1, 27, 51, 60.7177, 1
1638, 1638, 1, 27, 52, 49.96426, 1
1639, 1639, 1, 27, 53, 38.09678, 1
1640, 1640, 1, 27, 54, 25.07364, 1
1641, 1641, 1, 27, 55, 11.17466, 1
1642, 1642, 1, 27, 56, 0.0, 1
1643, 1643, 1, 27, 57, -999.0, 0
1644, 1644, 1, 27, 58, -999.0, 0
1645, 1645, 1, 27, 59, -999.0, 0
1646, 1646, 1, 27, 60, -999.0, 0
1647, 1647, 1, 27, 61, -999.0, 0
1648, 1648, 1, 28, 1, -999.0, 0
1649, 1649, 1, 28, 2, -999.0, 0
1650, 1650, 1, 28, 3, -999.0, 0
1651, 1651, 1, 28, 4, -999.0, 0
1652, 1652, 1, 28, 5, -999.0, 0
1653, 1653, 1, 28, 6, -999.0, 0
1654, 1654, 1, 28, 7, 0.0, 1
1655, 1655, 1, 28, 8, 16.68925, 1
1656, 1656, 1, 28, 9, 30.03104, 1
1657, 1657, 1, 28, 10, 41.95895, 1
1658, 1658, 1, 28, 11, 52.71494, 1
1659, 1659, 1, 28, 12, 62.31927, 1
1660, 1660, 1, 28, 13, 70.82219, 1
1661, 1661, 1, 28, 14, 78.31151, 1
1662, 1662, 1, 28, 15, 84.89317, 1
1663, 1663, 1, 28, 16, 90.67176, 1
1664, 1664, 1, 28, 17, 95.74396, 1
1665, 1665, 1, 28, 18, 100.1955, 1
1666, 1666, 1, 28, 19, 104.1001, 1
1667, 1667, 1, 28, 20, 107.5193, 1
1668, 1668, 1, 28, 21, 110.5052, 1
1669, 1669, 1, 28, 22, 113.1009, 1
1670, 1670, 1, 28, 23, 115.3427, 1
1671, 1671, 1, 28, 24, 117.2602, 1
1672, 1672, 1, 28, 25, 118.878, 1
1673, 1673, 1, 28, 26, 120.2161, 1
1674, 1674, 1, 28, 27, 121.2904, 1
1675, 1675, 1, 28, 28, 122.1136, 1
1676, 1676, 1, 28, 29, 122.695, 1
1677, 1677, 1, 28, 30, 123.0413, 1
1678, 1678, 1, 28, 31, 123.1564, 1
1679, 1679, 1, 28, 32, 123.0414, 1
1680, 1680, 1, 28, 33, 122.6952, 1
1681, 1681, 1, 28, 34, 122.1138, 1
1682, 1682, 1, 28, 35, 121.2907, 1
1683, 1683, 1, 28, 36, 120.2164, 1
1684, 1684, 1, 28, 37, 118.8784, 1
1685, 1685, 1, 28, 38, 117.2607, 1
1686, 1686, 1, 28, 39, 115.3432, 1
1687, 1687, 1, 28, 40, 113.1015, 1
1688, 1688, 1, 28, 41, 110.5057, 1
1689, 1689, 1, 28, 42, 107.5199, 1
1690, 1690, 1, 28, 43, 104.1006, 1
1691, 1691, 1, 28, 44, 100.1961, 1
1692, 1692, 1, 28, 45, 95.74428, 1
1693, 1693, 1, 28, 46, 90.67188, 1
1694, 1694, 1, 28, 47, 84.89345, 1
1695, 1695, 1, 28, 48, 78.31194, 1
1696, 1696, 1, 28, 49, 70.8222, 1
1697, 1697, 1, 28, 50, 62.31929, 1
1698, 1698, 1, 28, 51, 52.71486, 1
1699, 1699, 1, 28, 52, 41.95905, 1
1700, 1700, 1, 28, 53, 30.03138, 1
1701, 1701, 1, 28, 54, 16.68928, 1
1702, 1702, 1, 28, 55, 0.0, 1
1703, 1703, 1, 28, 56, -999.0, 0
1704, 1704, 1, 28, 57, -999.0, 0
1705, 1705, 1, 28, 58, -999.0, 0
1706, 1706, 1, 28, 59, -999.0, 0
1707, 1707, 1, 28, 60, -999.0, 0
1708, 1708, 1, 28, 61, -999.0, 0
1709, 1709, 1, 29, 1, -999.0, 0
1710, 1710, 1, 29, 2, -999.0, 0
1711, 1711, 1, 29, 3, -999.0, 0
1712, 1712, 1, 29, 4, -999.0, 0
1713, 1713, 1, 29, 5, -999.0, 0
1714, 1714, 1, 29, 6, -999.0, 0
1715, 1715, 1, 29, 7, 0.0, 1
1716, 1716, 1, 29, 8, 9.997313, 1
1717, 1717, 1, 29, 9, 21.77135, 1
1718, 1718, 1, 29, 10, 33.52449, 1
1719, 1719, 1, 29, 11, 44.26267, 1
1720, 1720, 1, 29, 12, 53.7353, 1
1721, 1721, 1, 29, 13, 61.97759, 1
1722, 1722, 1, 29, 14, 69.11551, 1
1723, 1723, 1, 29, 15, 75.29538, 1
1724, 1724, 1, 29, 16, 80.65369, 1
1725, 1725, 1, 29, 17, 85.30843, 1
1726, 1726, 1, 29, 18, 89.35888, 1
1727, 1727, 1, 29, 19, 92.88696, 1
1728, 1728, 1, 29, 20, 95.95943, 1
1729, 1729, 1, 29, 21, 98.63042, 1
1730, 1730, 1, 29, 22, 100.944, 1
1731, 1731, 1, 29, 23, 102.9361, 1
1732, 1732, 1, 29, 24, 104.636, 1
1733, 1733, 1, 29, 25, 106.0676, 1
1734, 1734, 1, 29, 26, 107.2498, 1
1735, 1735, 1, 29, 27, 108.198, 1
1736, 1736, 1, 29, 28, 108.9238, 1
1737, 1737, 1, 29, 29, 109.4362, 1
1738, 1738, 1, 29, 30, 109.7413, 1
1739, 1739, 1, 29, 31, 109.8427, 1
1740, 1740, 1, 29, 32, 109.7414, 1
1741, 1741, 1, 29, 33, 109.4365, 1
1742, 1742, 1, 29, 34, 108.9242, 1
1743, 1743, 1, 29, 35, 108.1983, 1
1744, 1744, 1, 29, 36, 107.2502, 1
1745, 1745, 1, 29, 37, 106.068, 1
1746, 1746, 1, 29, 38, 104.6364, 1
1747, 1747, 1, 29, 39, 102.9365, 1
1748, 1748, 1, 29, 40, 100.9443, 1
1749, 1749, 1, 29, 41, 98.63079, 1
1750, 1750, 1, 29, 42, 95.95988, 1
1751, 1751, 1, 29, 43, 92.88746, 1
1752, 1752, 1, 29, 44, 89.35926, 1
1753, 1753, 1, 29, 45, 85.30864, 1
1754, 1754, 1, 29, 46, 80.65392, 1
1755, 1755, 1, 29, 47, 75.29582, 1
1756, 1756, 1, 29, 48, 69.11579, 1
1757, 1757, 1, 29, 49, 61.97744, 1
1758, 1758, 1, 29, 50, 53.73539, 1
1759, 1759, 1, 29, 51, 44.2627, 1
1760, 1760, 1, 29, 52, 33.52428, 1
1761, 1761, 1, 29, 53, 21.77113, 1
1762, 1762, 1, 29, 54, 9.997422, 1
1763, 1763, 1, 29, 55, 0.0, 1
1764, 1764, 1, 29, 56, -999.0, 0
1765, 1765, 1, 29, 57, -999.0, 0
1766, 1766, 1, 29, 58, -999.0, 0
1767, 1767, 1, 29, 59, -999.0, 0
1768, 1768, 1, 29, 60, -999.0, 0
1769, 1769, 1, 29, 61, -999.0, 0
1770, 1770, 1, 30, 1, -999.0, 0
1771, 1771, 1, 30, 2, -999.0, 0
1772, 1772, 1, 30, 3, -999.0, 0
1773, 1773, 1, 30, 4, -999.0, 0
1774, 1774, 1, 30, 5, -999.0, 0
1775, 1775, 1, 30, 6, -999.0, 0
1776, 1776, 1, 30, 7, -999.0, 0
1777, 1777, 1, 30, 8, 0.0, 1
1778, 1778, 1, 30, 9, 11.95903, 1
1779, 1779, 1, 30, 10, 24.5068, 1
1780, 1780, 1, 30, 11, 35.47264, 1
1781, 1781, 1, 30, 12, 44.77888, 1
1782, 1782, 1, 30, 13, 52.63607, 1
1783, 1783, 1, 30, 14, 59.28167, 1
1784, 1784, 1, 30, 15, 64.92686, 1
1785, 1785, 1, 30, 16, 69.74886, 1
1786, 1786, 1, 30, 17, 73.88912, 1
1787, 1787, 1, 30, 18, 77.45885, 1
1788, 1788, 1, 30, 19, 80.54563, 1
1789, 1789, 1, 30, 20, 83.21837, 1
1790, 1790, 1, 30, 21, 85.53138, 1
1791, 1791, 1, 30, 22, 87.5277, 1
1792, 1792, 1, 30, 23, 89.24171, 1
1793, 1793, 1, 30, 24, 90.70098, 1
1794, 1794, 1, 30, 25, 91.92762, 1
1795, 1795, 1, 30, 26, 92.93922, 1
1796, 1796, 1, 30, 27, 93.74963, 1
1797, 1797, 1, 30, 28, 94.36953, 1
1798, 1798, 1, 30, 29, 94.80688, 1
1799, 1799, 1, 30, 30, 95.06717, 1
1800, 1800, 1, 30, 31, 95.15364, 1
1801, 1801, 1, 30, 32, 95.06733, 1
1802, 1802, 1, 30, 33, 94.80716, 1
1803, 1803, 1, 30, 34, 94.3699, 1
1804, 1804, 1, 30, 35, 93.75003, 1
1805, 1805, 1, 30, 36, 92.93962, 1
1806, 1806, 1, 30, 37, 91.92799, 1
1807, 1807, 1, 30, 38, 90.70126, 1
1808, 1808, 1, 30, 39, 89.24191, 1
1809, 1809, 1, 30, 40, 87.52786, 1
1810, 1810, 1, 30, 41, 85.5316, 1
1811, 1811, 1, 30, 42, 83.2187, 1
1812, 1812, 1, 30, 43, 80.54601, 1
1813, 1813, 1, 30, 44, 77.45918, 1
1814, 1814, 1, 30, 45, 73.88945, 1
1815, 1815, 1, 30, 46, 69.74928, 1
1816, 1816, 1, 30, 47, 64.92713, 1
1817, 1817, 1, 30, 48, 59.28164, 1
1818, 1818, 1, 30, 49, 52.6364, 1
1819, 1819, 1, 30, 50, 44.77895, 1
1820, 1820, 1, 30, 51, 35.47234, 1
1821, 1821, 1, 30, 52, 24.50651, 1
1822, 1822, 1, 30, 53, 11.95912, 1
1823, 1823, 1, 30, 54, 0.0, 1
1824, 1824, 1, 30, 55, -999.0, 0
1825, 1825, 1, 30, 56, -999.0, 0
1826, 1826, 1, 30, 57, -999.0, 0
1827, 1827, 1, 30, 58, -999.0, 0
1828, 1828, 1, 30, 59, -999.0, 0
1829, 1829, 1, 30, 60, -999.0, 0
1830, 1830, 1, 30, 61, -999.0, 0
1831, 1831, 1, 31, 1, -999.0, 0
1832, 1832, 1, 31, 2, -999.0, 0
1833, 1833, 1, 31, 3, -999.0, 0
1834, 1834, 1, 31, 4, -999.0, 0
1835, 1835, 1, 31, 5, -999.0, 0
1836, 1836, 1, 31, 6, -999.0, 0
1837, 1837, 1, 31, 7, -999.0, 0
1838, 1838, 1, 31, 8, -999.0, 0
1839, 1839, 1, 31, 9, 0.0, 1
1840, 1840, 1, 31, 10, 15.45899, 1
1841, 1841, 1, 31, 11, 26.72844, 1
1842, 1842, 1, 31, 12, 35.66311, 1
1843, 1843, 1, 31, 13, 42.90442, 1
1844, 1844, 1, 31, 14, 48.84972, 1
1845, 1845, 1, 31, 15, 53.7886, 1
1846, 1846, 1, 31, 16, 57.93666, 1
1847, 1847, 1, 31, 17, 61.4535, 1
1848, 1848, 1, 31, 18, 64.45704, 1
1849, 1849, 1, 31, 19, 67.03541, 1
1850, 1850, 1, 31, 20, 69.25545, 1
1851, 1851, 1, 31, 21, 71.16838, 1
1852, 1852, 1, 31, 22, 72.81387, 1
1853, 1853, 1, 31, 23, 74.22293, 1
1854, 1854, 1, 31, 24, 75.42006, 1
1855, 1855, 1, 31, 25, 76.42467, 1
1856, 1856, 1, 31, 26, 77.2521, 1
1857, 1857, 1, 31, 27, 77.91431, 1
1858, 1858, 1, 31, 28, 78.42049, 1
1859, 1859, 1, 31, 29, 78.77743, 1
1860, 1860, 1, 31, 30, 78.98979, 1
1861, 1861, 1, 31, 31, 79.06033, 1
1862, 1862, 1, 31, 32, 78.98993, 1
1863, 1863, 1, 31, 33, 78.77769, 1
1864, 1864, 1, 31, 34, 78.42084, 1
1865, 1865, 1, 31, 35, 77.9147, 1
1866, 1866, 1, 31, 36, 77.25246, 1
1867, 1867, 1, 31, 37, 76.42496, 1
1868, 1868, 1, 31, 38, 75.42023, 1
1869, 1869, 1, 31, 39, 74.22301, 1
1870, 1870, 1, 31, 40, 72.81393, 1
1871, 1871, 1, 31, 41, 71.16849, 1
1872, 1872, 1, 31, 42, 69.25563, 1
1873, 1873, 1, 31, 43, 67.03564, 1
1874, 1874, 1, 31, 44, 64.45731, 1
1875, 1875, 1, 31, 45, 61.45384, 1
1876, 1876, 1, 31, 46, 57.93697, 1
1877, 1877, 1, 31, 47, 53.7887, 1
1878, 1878, 1, 31, 48, 48.84978, 1
1879, 1879, 1, 31, 49, 42.90477, 1
1880, 1880, 1, 31, 50, 35.66308, 1
1881, 1881, 1, 31, 51, 26.72789, 1
1882, 1882, 1, 31, 52, 15.45823, 1
1883, 1883, 1, 31, 53, 0.0, 1
1884, 1884, 1, 31, 54, -999.0, 0
1885, 1885, 1, 31, 55, -999.0, 0
1886, 1886, 1, 31, 56, -999.0, 0
1887, 1887, 1, 31, 57, -999.0, 0
1888, 1888, 1, 31, 58, -999.0, 0
1889, 1889, 1, 31, 59, -999.0, 0
1890, 1890, 1, 31, 60, -999.0, 0
1891, 1891, 1, 31, 61, -999.0, 0
1892, 1892, 1, 32, 1, -999.0, 0
1893, 1893, 1, 32, 2, -999.0, 0
1894, 1894, 1, 32, 3, -999.0, 0
1895, 1895, 1, 32, 4, -999.0, 0
1896, 1896, 1, 32, 5, -999.0, 0
1897, 1897, 1, 32, 6, -999.0, 0
1898, 1898, 1, 32, 7, -999.0, 0
1899, 1899, 1, 32, 8, -999.0, 0
1900, 1900, 1, 32, 9, 0.0, 1
1901, 1901, 1, 32, 10, 8.924802, 1
1902, 1902, 1, 32, 11, 18.68851, 1
1903, 1903, 1, 32, 12, 26.62645, 1
1904, 1904, 1, 32, 13, 32.86506, 1
1905, 1905, 1, 32, 14, 37.82604, 1
1906, 1906, 1, 32, 15, 41.84834, 1
1907, 1907, 1, 32, 16, 45.16758, 1
1908, 1908, 1, 32, 17, 47.94606, 1
1909, 1909, 1, 32, 18, 50.29721, 1
1910, 1910, 1, 32, 19, 52.30191, 1
1911, 1911, 1, 32, 20, 54.01928, 1
1912, 1912, 1, 32, 21, 55.4934, 1
1913, 1913, 1, 32, 22, 56.75772, 1
1914, 1914, 1, 32, 23, 57.83793, 1
1915, 1915, 1, 32, 24, 58.75405, 1
1916, 1916, 1, 32, 25, 59.52176, 1
1917, 1917, 1, 32, 26, 60.15336, 1
1918, 1918, 1, 32, 27, 60.65844, 1
1919, 1919, 1, 32, 28, 61.04426, 1
1920, 1920, 1, 32, 29, 61.31621, 1
1921, 1921, 1, 32, 30, 61.47797, 1
1922, 1922, 1, 32, 31, 61.53168, 1
1923, 1923, 1, 32, 32, 61.47807, 1
1924, 1924, 1, 32, 33, 61.31641, 1
1925, 1925, 1, 32, 34, 61.04453, 1
1926, 1926, 1, 32, 35, 60.65873, 1
1927, 1927, 1, 32, 36, 60.15364, 1
1928, 1928, 1, 32, 37, 59.52196, 1
1929, 1929, 1, 32, 38, 58.75416, 1
1930, 1930, 1, 32, 39, 57.83798, 1
1931, 1931, 1, 32, 40, 56.75775, 1
1932, 1932, 1, 32, 41, 55.49345, 1
1933, 1933, 1, 32, 42, 54.01933, 1
1934, 1934, 1, 32, 43, 52.30195, 1
1935, 1935, 1, 32, 44, 50.29724, 1
1936, 1936, 1, 32, 45, 47.9461, 1
1937, 1937, 1, 32, 46, 45.16763, 1
1938, 1938, 1, 32, 47, 41.84846, 1
1939, 1939, 1, 32, 48, 37.82623, 1
1940, 1940, 1, 32, 49, 32.86473, 1
1941, 1941, 1, 32, 50, 26.62566, 1
1942, 1942, 1, 32, 51, 18.68757, 1
1943, 1943, 1, 32, 52, 8.924792, 1
1944, 1944, 1, 32, 53, 0.0, 1
1945, 1945, 1, 32, 54, -999.0, 0
1946, 1946, 1, 32, 55, -999.0, 0
1947, 1947, 1, 32, 56, -999.0, 0
1948, 1948, 1, 32, 57, -999.0, 0
1949, 1949, 1, 32, 58, -999.0, 0
1950, 1950, 1, 32, 59, -999.0, 0
1951, 1951, 1, 32, 60, -999.0, 0
1952, 1952, 1, 32, 61, -999.0, 0
1953, 1953, 1, 33, 1, -999.0, 0
1954, 1954, 1, 33, 2, -999.0, 0
1955, 1955, 1, 33, 3, -999.0, 0
1956, 1956, 1, 33, 4, -999.0, 0
1957, 1957, 1, 33, 5, -999.0, 0
1958, 1958, 1, 33, 6, -999.0, 0
1959, 1959, 1, 33, 7, -999.0, 0
1960, 1960, 1, 33, 8, -999.0, 0
1961, 1961, 1, 33, 9, -999.0, 0
1962, 1962, 1, 33, 10, 0.0, 1
1963, 1963, 1, 33, 11, 10.85632, 1
1964, 1964, 1, 33, 12, 17.67396, 1
1965, 1965, 1, 33, 13, 22.49859, 1
1966, 1966, 1, 33, 14, 26.14639, 1
1967, 1967, 1, 33, 15, 29.02145, 1
1968, 1968, 1, 33, 16, 31.35299, 1
1969, 1969, 1, 33, 17, 33.28244, 1
1970, 1970, 1, 33, 18, 34.90229, 1
1971, 1971, 1, 33, 19, 36.27573, 1
1972, 1972, 1, 33, 20, 37.44751, 1
1973, 1973, 1, 33, 21, 38.45024, 1
1974, 1974, 1, 33, 22, 39.30828, 1
1975, 1975, 1, 33, 23, 40.04011, 1
1976, 1976, 1, 33, 24, 40.65993, 1
1977, 1977, 1, 33, 25, 41.17878, 1
1978, 1978, 1, 33, 26, 41.60529, 1
1979, 1979, 1, 33, 27, 41.94613, 1
1980, 1980, 1, 33, 28, 42.20638, 1
1981, 1981, 1, 33, 29, 42.38975, 1
1982, 1982, 1, 33, 30, 42.49879, 1
1983, 1983, 1, 33, 31, 42.535, 1
1984, 1984, 1, 33, 32, 42.49885, 1
1985, 1985, 1, 33, 33, 42.38987, 1
1986, 1986, 1, 33, 34, 42.20654, 1
1987, 1987, 1, 33, 35, 41.94631, 1
1988, 1988, 1, 33, 36, 41.60546, 1
1989, 1989, 1, 33, 37, 41.17891, 1
1990, 1990, 1, 33, 38, 40.66002, 1
1991, 1991, 1, 33, 39, 40.04018, 1
1992, 1992, 1, 33, 40, 39.30835, 1
1993, 1993, 1, 33, 41, 38.45029, 1
1994, 1994, 1, 33, 42, 37.44753, 1
1995, 1995, 1, 33, 43, 36.27572, 1
1996, 1996, 1, 33, 44, 34.90224, 1
1997, 1997, 1, 33, 45, 33.28235, 1
1998, 1998, 1, 33, 46, 31.35283, 1
1999, 1999, 1, 33, 47, 29.02121, 1
2000, 2000, 1, 33, 48, 26.14609, 1
2001, 2001, 1, 33, 49, 22.49831, 1
2002, 2002, 1, 33, 50, 17.67375, 1
2003, 2003, 1, 33, 51, 10.85588, 1
2004, 2004, 1, 33, 52, 0.0, 1
2005, 2005, 1, 33, 53, -999.0, 0
2006, 2006, 1, 33, 54, -999.0, 0
2007, 2007, 1, 33, 55, -999.0, 0
2008, 2008, 1, 33, 56, -999.0, 0
2009, 2009, 1, 33, 57, -999.0, 0
2010, 2010, 1, 33, 58, -999.0, 0
2011, 2011, 1, 33, 59, -999.0, 0
2012, 2012, 1, 33, 60, -999.0, 0
2013, 2013, 1, 33, 61, -999.0, 0
2014, 2014, 1, 34, 1, -999.0, 0
2015, 2015, 1, 34, 2, -999.0, 0
2016, 2016, 1, 34, 3, -999.0, 0
2017, 2017, 1, 34, 4, -999.0, 0
2018, 2018, 1, 34, 5, -999.0, 0
2019, 2019, 1, 34, 6, -999.0, 0
2020, 2020, 1, 34, 7, -999.0, 0
2021, 2021, 1, 34, 8, -999.0, 0
2022, 2022, 1, 34, 9, -999.0, 0
2023, 2023, 1, 34, 10, 0.0, 1
2024, 2024, 1, 34, 11, 5.390744, 1
2025, 2025, 1, 34, 12, 9.092769, 1
2026, 2026, 1, 34, 13, 11.70689, 1
2027, 2027, 1, 34, 14, 13.64701, 1
2028, 2028, 1, 34, 15, 15.15149, 1
2029, 2029, 1, 34, 16, 16.3576, 1
2030, 2030, 1, 34, 17, 17.34794, 1
2031, 2031, 1, 34, 18, 18.17494, 1
2032, 2032, 1, 34, 19, 18.87351, 1
2033, 2033, 1, 34, 20, 19.46791, 1
2034, 2034, 1, 34, 21, 19.97555, 1
2035, 2035, 1, 34, 22, 20.40929, 1
2036, 2036, 1, 34, 23, 20.77882, 1
2037, 2037, 1, 34, 24, 21.09153, 1
2038, 2038, 1, 34, 25, 21.35313, 1
2039, 2039, 1, 34, 26, 21.56806, 1
2040, 2040, 1, 34, 27, 21.73975, 1
2041, 2041, 1, 34, 28, 21.87079, 1
2042, 2042, 1, 34, 29, 21.96311, 1
2043, 2043, 1, 34, 30, 22.01799, 1
2044, 2044, 1, 34, 31, 22.03621, 1
2045, 2045, 1, 34, 32, 22.01801, 1
2046, 2046, 1, 34, 33, 21.96315, 1
2047, 2047, 1, 34, 34, 21.87085, 1
2048, 2048, 1, 34, 35, 21.73981, 1
2049, 2049, 1, 34, 36, 21.56813, 1
2050, 2050, 1, 34, 37, 21.35319, 1
2051, 2051, 1, 34, 38, 21.09159, 1
2052, 2052, 1, 34, 39, 20.77888, 1
2053, 2053, 1, 34, 40, 20.40935, 1
2054, 2054, 1, 34, 41, 19.97559, 1
2055, 2055, 1, 34, 42, 19.46793, 1
2056, 2056, 1, 34, 43, 18.87352, 1
2057, 2057, 1, 34, 44, 18.17495, 1
2058, 2058, 1, 34, 45, 17.34796, 1
2059, 2059, 1, 34, 46, 16.35765, 1
2060, 2060, 1, 34, 47, 15.15159, 1
2061, 2061, 1, 34, 48, 13.64713, 1
2062, 2062, 1, 34, 49, 11.70687, 1
2063, 2063, 1, 34, 50, 9.09212, 1
2064, 2064, 1, 34, 51, 5.390738, 1
2065, 2065, 1, 34, 52, 0.0, 1
2066, 2066, 1, 34, 53, -999.0, 0
2067, 2067, 1, 34, 54, -999.0, 0
2068, 2068, 1, 34, 55, -999.0, 0
2069, 2069, 1, 34, 56, -999.0, 0
2070, 2070, 1, 34, 57, -999.0, 0
2071, 2071, 1, 34, 58, -999.0, 0
2072, 2072, 1, 34, 59, -999.0, 0
2073, 2073, 1, 34, 60, -999.0, 0
2074, 2074, 1, 34, 61, -999.0, 0
2075, 2075, 1, 35, 1, -999.0, 0
2076, 2076, 1, 35, 2, -999.0, 0
2077, 2077, 1, 35, 3, -999.0, 0
2078, 2078, 1, 35, 4, -999.0, 0
2079, 2079, 1, 35, 5, -999.0, 0
2080, 2080, 1, 35, 6, -999.0, 0
2081, 2081, 1, 35, 7, -999.0, 0
2082, 2082, 1, 35, 8, -999.0, 0
2083, 2083, 1, 35, 9, -999.0, 0
2084, 2084, 1, 35, 10, -999.0, 0
2085, 2085, 1, 35, 11, 0.0, 1
2086, 2086, 1, 35, 12, 0.0, 1
2087, 2087, 1, 35, 13, 0.0, 1
2088, 2088, 1, 35, 14, 0.0, 1
2089, 2089, 1, 35, 15, 0.0, 1
2090, 2090, 1, 35, 16, 0.0, 1
2091, 2091, 1, 35, 17, 0.0, 1
2092, 2092, 1, 35, 18, 0.0, 1
2093, 2093, 1, 35, 19, 0.0, 1
2094, 2094, 1, 35, 20, 0.0, 1
2095, 2095, 1, 35, 21, 0.0, 1
2096, 2096, 1, 35, 22, 0.0, 1
2097, 2097, 1, 35, 23, 0.0, 1
2098, 2098, 1, 35, 24, 0.0, 1
2099, 2099, 1, 35, 25, 0.0, 1
2100, 2100, 1, 35, 26, 0.0, 1
2101, 2101, 1, 35, 27, 0.0, 1
2102, 2102, 1, 35, 28, 0.0, 1
2103, 2103, 1, 35, 29, 0.0, 1
2104, 2104, 1, 35, 30, 0.0, 1
2105, 2105, 1, 35, 31, 0.0, 1
2106, 2106, 1, 35, 32, 0.0, 1
2107, 2107, 1, 35, 33, 0.0, 1
2108, 2108, 1, 35, 34, 0.0, 1
2109, 2109, 1, 35, 35, 0.0, 1
2110, 2110, 1, 35, 36, 0.0, 1
2111, 2111, 1, 35, 37, 0.0, 1
2112, 2112, 1, 35, 38, 0.0, 1
2113, 2113, 1, 35, 39, 0.0, 1
2114, 2114, 1, 35, 40, 0.0, 1
2115, 2115, 1, 35, 41, 0.0, 1
2116, 2116, 1, 35, 42, 0.0, 1
2117, 2117, 1, 35, 43, 0.0, 1
2118, 2118, 1, 35, 44, 0.0, 1
2119, 2119, 1, 35, 45, 0.0, 1
2120, 2120, 1, 35, 46, 0.0, 1
2121, 2121, 1, 35, 47, 0.0, 1
2122, 2122, 1, 35, 48, 0.0, 1
2123, 2123, 1, 35, 49, 0.0, 1
2124, 2124, 1, 35, 50, 0.0, 1
2125, 2125, 1, 35, 51, 0.0, 1
2126, 2126, 1, 35, 52, -999.0, 0
2127, 2127, 1, 35, 53, -999.0, 0
2128, 2128, 1, 35, 54, -999.0, 0
2129, 2129, 1, 35, 55, -999.0, 0
2130, 2130, 1, 35, 56, -999.0, 0
2131, 2131, 1, 35, 57, -999.0, 0
2132, 2132, 1, 35, 58, -999.0, 0
2133, 2133, 1, 35, 59, -999.0, 0
2134, 2134, 1, 35, 60, -999.0, 0
2135, 2135, 1, 35, 61, -999.0, 0
